1	233 
2	97 
3	182 
4	111 
5	252 
6	17 
7	8 
8	168 
9	18 
10	97 
11	124 
12	45 
13	102 
14	131 
15	218 
16	226 
17	216 
18	90 
19	72 
20	164 
21	187 
22	103 
23	138 
24	230 
25	302 
26	167 
27	163 
28	236 
29	26 
30	252 
31	286 
32	98 
33	261 
34	290 
35	16 
36	54 
37	235 
38	115 
39	174 
40	303 
41	274 
42	213 
43	65 
44	42 
45	78 
46	89 
47	285 
48	212 
49	23 
50	288 
51	238 
52	66 
53	107 
54	208 
55	196 
56	48 
57	277 
58	164 
59	26 
60	228 
61	129 
62	245 
63	93 
64	65 
65	152 
66	150 
67	282 
68	227 
69	129 
70	235 
71	127 
72	176 
73	244 
74	232 
75	7 
76	179 
77	279 
78	243 
79	179 
80	255 
81	150 
82	223 
83	49 
84	206 
85	3 
86	171 
87	18 
88	157 
89	283 
90	53 
91	94 
92	268 
93	96 
94	70 
95	129 
96	268 
97	92 
98	33 
99	194 
100	213 
101	210 
102	173 
103	77 
104	171 
105	269 
106	115 
107	124 
108	80 
109	166 
110	40 
111	20 
112	117 
113	227 
114	305 
115	302 
116	243 
117	217 
118	278 
119	159 
120	92 
121	77 
122	52 
123	293 
124	107 
125	68 
126	74 
127	174 
128	156 
129	251 
130	202 
131	288 
132	18 
133	19 
134	37 
135	27 
136	195 
137	102 
138	11 
139	133 
140	20 
141	102 
142	225 
143	135 
144	102 
145	282 
146	126 
147	74 
148	64 
149	175 
150	165 
151	86 
152	206 
153	133 
154	259 
155	9 
156	252 
157	59 
158	141 
159	75 
160	190 
161	297 
162	146 
163	235 
164	146 
165	223 
166	54 
167	52 
168	128 
169	172 
170	117 
171	14 
172	37 
173	272 
174	119 
175	103 
176	193 
177	129 
178	272 
179	294 
180	259 
181	198 
182	278 
183	156 
184	174 
185	195 
186	96 
187	282 
188	20 
189	218 
190	44 
191	208 
192	191 
193	34 
194	86 
195	255 
196	299 
197	243 
198	28 
199	298 
200	260 
201	170 
202	245 
203	45 
204	39 
205	273 
206	158 
207	237 
208	66 
209	60 
210	170 
211	96 
212	213 
213	159 
214	116 
215	97 
216	194 
217	79 
218	260 
219	152 
220	229 
221	14 
222	226 
223	189 
224	200 
225	60 
226	207 
227	177 
228	103 
229	72 
230	72 
231	169 
232	288 
233	305 
234	114 
235	142 
236	12 
237	35 
238	271 
239	106 
240	72 
241	304 
242	287 
243	29 
244	16 
245	240 
246	217 
247	209 
248	4 
249	250 
250	54 
251	214 
252	79 
253	51 
254	123 
255	250 
256	254 
257	112 
258	187 
259	135 
260	76 
261	128 
262	294 
263	177 
264	214 
265	170 
266	86 
267	295 
268	157 
269	208 
270	243 
271	61 
272	301 
273	214 
274	179 
275	114 
276	38 
277	186 
278	210 
279	115 
280	235 
281	101 
282	222 
283	189 
284	299 
285	118 
286	258 
287	107 
288	211 
289	175 
290	282 
291	170 
292	287 
293	215 
294	222 
295	254 
296	134 
297	43 
298	284 
299	29 
300	211 
301	41 
302	170 
303	219 
304	19 
305	37 
306	64 
307	6 
308	44 
309	63 
310	187 
311	140 
312	224 
313	248 
314	126 
315	166 
316	202 
317	100 
318	131 
319	175 
320	241 
321	157 
322	271 
323	96 
324	269 
325	307 
326	178 
327	9 
328	254 
329	289 
330	242 
331	303 
332	217 
333	232 
334	262 
335	118 
336	306 
337	36 
338	248 
339	72 
340	283 
341	288 
342	241 
343	125 
344	261 
345	9 
346	45 
347	210 
348	86 
349	74 
350	110 
351	226 
352	226 
353	279 
354	136 
355	263 
356	306 
357	74 
358	49 
359	74 
360	141 
361	237 
362	15 
363	37 
364	172 
365	90 
366	175 
367	36 
368	223 
369	74 
370	23 
371	289 
372	86 
373	1 
374	238 
375	143 
376	126 
377	157 
378	297 
379	269 
380	127 
381	32 
382	59 
383	246 
384	79 
385	37 
386	97 
387	75 
388	144 
389	237 
390	188 
391	203 
392	176 
393	263 
394	178 
395	13 
396	151 
397	212 
398	307 
399	102 
400	204 
401	79 
402	203 
403	177 
404	66 
405	247 
406	157 
407	243 
408	294 
409	52 
410	248 
411	176 
412	91 
413	159 
414	202 
415	127 
416	190 
417	306 
418	154 
419	69 
420	70 
421	204 
422	177 
423	226 
424	100 
425	208 
426	179 
427	21 
428	280 
429	160 
430	230 
431	124 
432	146 
433	284 
434	39 
435	211 
436	220 
437	30 
438	182 
439	123 
440	48 
441	40 
442	73 
443	295 
444	245 
445	226 
446	76 
447	49 
448	68 
449	150 
450	223 
451	62 
452	146 
453	80 
454	192 
455	217 
456	42 
457	28 
458	72 
459	176 
460	29 
461	166 
462	155 
463	301 
464	109 
465	100 
466	31 
467	52 
468	210 
469	221 
470	66 
471	122 
472	191 
473	31 
474	16 
475	233 
476	59 
477	108 
478	43 
479	149 
480	197 
481	181 
482	137 
483	259 
484	42 
485	185 
486	123 
487	145 
488	101 
489	100 
490	105 
491	277 
492	287 
493	277 
494	294 
495	87 
496	70 
497	61 
498	112 
499	240 
500	81 
501	287 
502	191 
503	254 
504	12 
505	232 
506	77 
507	248 
508	100 
509	297 
510	9 
511	301 
512	194 
513	119 
514	239 
515	269 
516	202 
517	155 
518	168 
519	17 
520	90 
521	126 
522	16 
523	48 
524	268 
525	178 
526	99 
527	227 
528	56 
529	44 
530	128 
531	17 
532	196 
533	112 
534	30 
535	210 
536	246 
537	37 
538	30 
539	260 
540	68 
541	301 
542	97 
543	17 
544	300 
545	20 
546	82 
547	172 
548	249 
549	1 
550	212 
551	222 
552	252 
553	201 
554	240 
555	49 
556	231 
557	89 
558	135 
559	106 
560	112 
561	66 
562	289 
563	298 
564	161 
565	223 
566	223 
567	118 
568	95 
569	152 
570	244 
571	249 
572	47 
573	3 
574	14 
575	99 
576	285 
577	66 
578	71 
579	239 
580	250 
581	99 
582	166 
583	208 
584	20 
585	227 
586	282 
587	163 
588	14 
589	115 
590	218 
591	114 
592	289 
593	109 
594	20 
595	97 
596	267 
597	218 
598	18 
599	88 
600	104 
601	30 
602	216 
603	28 
604	302 
605	276 
606	209 
607	305 
608	176 
609	15 
610	83 
611	80 
612	288 
613	158 
614	44 
615	274 
616	152 
617	230 
618	20 
619	105 
620	170 
621	274 
622	259 
623	81 
624	85 
625	119 
626	173 
627	85 
628	56 
629	32 
630	62 
631	141 
632	238 
633	298 
634	198 
635	177 
636	43 
637	149 
638	107 
639	141 
640	70 
641	51 
642	143 
643	69 
644	49 
645	51 
646	288 
647	198 
648	142 
649	228 
650	269 
651	53 
652	33 
653	260 
654	15 
655	274 
656	108 
657	153 
658	190 
659	230 
660	226 
661	304 
662	61 
663	278 
664	72 
665	256 
666	289 
667	284 
668	50 
669	255 
670	163 
671	188 
672	298 
673	278 
674	187 
675	275 
676	45 
677	58 
678	177 
679	59 
680	48 
681	197 
682	229 
683	122 
684	81 
685	5 
686	207 
687	254 
688	169 
689	131 
690	177 
691	198 
692	281 
693	141 
694	175 
695	248 
696	215 
697	132 
698	140 
699	166 
700	183 
701	41 
702	169 
703	57 
704	182 
705	146 
706	203 
707	17 
708	304 
709	254 
710	267 
711	70 
712	147 
713	1 
714	59 
715	306 
716	114 
717	172 
718	94 
719	141 
720	173 
721	304 
722	260 
723	186 
724	188 
725	247 
726	289 
727	89 
728	33 
729	21 
730	267 
731	301 
732	187 
733	200 
734	100 
735	198 
736	285 
737	182 
738	231 
739	267 
740	5 
741	102 
742	259 
743	234 
744	210 
745	177 
746	187 
747	105 
748	7 
749	292 
750	134 
751	263 
752	30 
753	135 
754	72 
755	223 
756	94 
757	259 
758	81 
759	299 
760	257 
761	3 
762	115 
763	299 
764	214 
765	37 
766	297 
767	257 
768	240 
769	6 
770	130 
771	113 
772	192 
773	178 
774	259 
775	225 
776	62 
777	109 
778	164 
779	67 
780	232 
781	242 
782	27 
783	219 
784	297 
785	306 
786	280 
787	261 
788	283 
789	148 
790	116 
791	5 
792	21 
793	42 
794	65 
795	63 
796	165 
797	265 
798	38 
799	7 
800	220 
801	1 
802	41 
803	92 
804	39 
805	255 
806	141 
807	306 
808	263 
809	115 
810	90 
811	71 
812	148 
813	104 
814	14 
815	267 
816	220 
817	58 
818	48 
819	282 
820	286 
821	213 
822	173 
823	236 
824	101 
825	131 
826	106 
827	221 
828	89 
829	291 
830	46 
831	259 
832	271 
833	36 
834	240 
835	8 
836	205 
837	2 
838	124 
839	191 
840	55 
841	307 
842	235 
843	197 
844	212 
845	113 
846	75 
847	158 
848	51 
849	228 
850	213 
851	13 
852	192 
853	6 
854	299 
855	194 
856	230 
857	77 
858	124 
859	266 
860	263 
861	256 
862	259 
863	222 
864	165 
865	52 
866	114 
867	59 
868	113 
869	165 
870	294 
871	51 
872	128 
873	19 
874	4 
875	188 
876	267 
877	277 
878	102 
879	164 
880	175 
881	170 
882	29 
883	171 
884	229 
885	159 
886	171 
887	85 
888	276 
889	307 
890	304 
891	238 
892	208 
893	161 
894	80 
895	186 
896	62 
897	281 
898	201 
899	161 
900	226 
901	10 
902	163 
903	82 
904	159 
905	54 
906	213 
907	213 
908	60 
909	119 
910	204 
911	290 
912	275 
913	135 
914	101 
915	80 
916	282 
917	18 
918	192 
919	35 
920	269 
921	86 
922	270 
923	193 
924	254 
925	196 
926	163 
927	275 
928	254 
929	71 
930	126 
931	138 
932	260 
933	57 
934	210 
935	154 
936	126 
937	226 
938	73 
939	207 
940	165 
941	174 
942	87 
943	66 
944	125 
945	275 
946	246 
947	97 
948	160 
949	212 
950	99 
951	267 
952	172 
953	44 
954	181 
955	164 
956	32 
957	246 
958	54 
959	156 
960	130 
961	165 
962	51 
963	199 
964	187 
965	30 
966	14 
967	296 
968	100 
969	21 
970	302 
971	202 
972	130 
973	114 
974	238 
975	212 
976	250 
977	185 
978	247 
979	252 
980	157 
981	217 
982	117 
983	260 
984	38 
985	177 
986	267 
987	161 
988	295 
989	158 
990	207 
991	101 
992	57 
993	245 
994	282 
995	231 
996	190 
997	134 
998	118 
999	214 
1000	79 
1001	270 
1002	145 
1003	231 
1004	225 
1005	56 
1006	38 
1007	137 
1008	11 
1009	32 
1010	166 
1011	64 
1012	267 
1013	142 
1014	265 
1015	225 
1016	152 
1017	217 
1018	41 
1019	210 
1020	182 
1021	258 
1022	148 
1023	195 
1024	215 
1025	279 
1026	196 
1027	155 
1028	296 
1029	133 
1030	59 
1031	181 
1032	99 
1033	202 
1034	8 
1035	261 
1036	192 
1037	295 
1038	93 
1039	128 
1040	88 
1041	299 
1042	102 
1043	219 
1044	97 
1045	78 
1046	291 
1047	250 
1048	166 
1049	198 
1050	85 
1051	227 
1052	215 
1053	23 
1054	212 
1055	167 
1056	141 
1057	122 
1058	43 
1059	211 
1060	1 
1061	205 
1062	242 
1063	162 
1064	233 
1065	112 
1066	63 
1067	65 
1068	215 
1069	121 
1070	240 
1071	13 
1072	244 
1073	91 
1074	131 
1075	293 
1076	266 
1077	53 
1078	264 
1079	123 
1080	116 
1081	94 
1082	9 
1083	193 
1084	238 
1085	281 
1086	189 
1087	54 
1088	283 
1089	187 
1090	64 
1091	269 
1092	239 
1093	304 
1094	259 
1095	160 
1096	216 
1097	117 
1098	217 
1099	241 
1100	268 
1101	65 
1102	69 
1103	251 
1104	279 
1105	44 
1106	118 
1107	83 
1108	26 
1109	170 
1110	217 
1111	230 
1112	302 
1113	128 
1114	196 
1115	132 
1116	53 
1117	82 
1118	214 
1119	19 
1120	243 
1121	33 
1122	258 
1123	71 
1124	255 
1125	174 
1126	111 
1127	118 
1128	156 
1129	7 
1130	9 
1131	43 
1132	236 
1133	240 
1134	297 
1135	115 
1136	156 
1137	15 
1138	19 
1139	130 
1140	94 
1141	130 
1142	6 
1143	302 
1144	11 
1145	20 
1146	212 
1147	136 
1148	231 
1149	244 
1150	209 
1151	237 
1152	182 
1153	75 
1154	183 
1155	13 
1156	162 
1157	106 
1158	180 
1159	299 
1160	26 
1161	259 
1162	245 
1163	238 
1164	256 
1165	91 
1166	151 
1167	141 
1168	250 
1169	40 
1170	121 
1171	77 
1172	226 
1173	168 
1174	12 
1175	208 
1176	291 
1177	109 
1178	163 
1179	37 
1180	173 
1181	189 
1182	237 
1183	222 
1184	101 
1185	191 
1186	230 
1187	306 
1188	93 
1189	125 
1190	129 
1191	75 
1192	53 
1193	196 
1194	28 
1195	66 
1196	35 
1197	206 
1198	160 
1199	75 
1200	189 
1201	237 
1202	169 
1203	190 
1204	205 
1205	143 
1206	206 
1207	220 
1208	245 
1209	190 
1210	283 
1211	20 
1212	214 
1213	139 
1214	295 
1215	158 
1216	249 
1217	119 
1218	52 
1219	66 
1220	226 
1221	26 
1222	231 
1223	116 
1224	184 
1225	110 
1226	278 
1227	279 
1228	160 
1229	227 
1230	57 
1231	50 
1232	281 
1233	36 
1234	57 
1235	21 
1236	145 
1237	257 
1238	151 
1239	151 
1240	78 
1241	160 
1242	285 
1243	231 
1244	303 
1245	230 
1246	286 
1247	54 
1248	130 
1249	39 
1250	28 
1251	246 
1252	151 
1253	90 
1254	156 
1255	60 
1256	50 
1257	7 
1258	221 
1259	193 
1260	41 
1261	113 
1262	163 
1263	263 
1264	169 
1265	234 
1266	70 
1267	62 
1268	168 
1269	25 
1270	157 
1271	264 
1272	212 
1273	47 
1274	55 
1275	290 
1276	149 
1277	68 
1278	239 
1279	80 
1280	235 
1281	165 
1282	181 
1283	92 
1284	285 
1285	150 
1286	111 
1287	139 
1288	243 
1289	104 
1290	109 
1291	65 
1292	172 
1293	193 
1294	197 
1295	214 
1296	65 
1297	69 
1298	248 
1299	84 
1300	188 
1301	109 
1302	63 
1303	186 
1304	176 
1305	151 
1306	150 
1307	69 
1308	208 
1309	113 
1310	141 
1311	187 
1312	116 
1313	122 
1314	63 
1315	162 
1316	238 
1317	38 
1318	113 
1319	267 
1320	83 
1321	136 
1322	198 
1323	156 
1324	282 
1325	24 
1326	14 
1327	162 
1328	259 
1329	100 
1330	42 
1331	186 
1332	294 
1333	267 
1334	151 
1335	69 
1336	18 
1337	287 
1338	21 
1339	219 
1340	43 
1341	81 
1342	182 
1343	61 
1344	14 
1345	112 
1346	55 
1347	103 
1348	70 
1349	2 
1350	35 
1351	146 
1352	229 
1353	261 
1354	202 
1355	98 
1356	293 
1357	104 
1358	3 
1359	248 
1360	121 
1361	14 
1362	218 
1363	210 
1364	296 
1365	8 
1366	145 
1367	221 
1368	42 
1369	254 
1370	97 
1371	255 
1372	182 
1373	152 
1374	137 
1375	142 
1376	229 
1377	181 
1378	243 
1379	228 
1380	106 
1381	251 
1382	149 
1383	94 
1384	196 
1385	56 
1386	283 
1387	156 
1388	287 
1389	20 
1390	173 
1391	258 
1392	56 
1393	247 
1394	203 
1395	306 
1396	250 
1397	197 
1398	193 
1399	67 
1400	86 
1401	86 
1402	26 
1403	145 
1404	170 
1405	269 
1406	1 
1407	262 
1408	270 
1409	289 
1410	307 
1411	105 
1412	178 
1413	196 
1414	151 
1415	142 
1416	216 
1417	96 
1418	23 
1419	135 
1420	92 
1421	37 
1422	111 
1423	131 
1424	256 
1425	104 
1426	264 
1427	220 
1428	47 
1429	193 
1430	289 
1431	181 
1432	128 
1433	276 
1434	16 
1435	222 
1436	44 
1437	176 
1438	287 
1439	84 
1440	268 
1441	37 
1442	241 
1443	301 
1444	249 
1445	257 
1446	17 
1447	169 
1448	307 
1449	295 
1450	260 
1451	65 
1452	204 
1453	282 
1454	246 
1455	177 
1456	158 
1457	254 
1458	232 
1459	262 
1460	191 
1461	116 
1462	213 
1463	299 
1464	53 
1465	145 
1466	272 
1467	172 
1468	79 
1469	118 
1470	101 
1471	49 
1472	73 
1473	32 
1474	179 
1475	247 
1476	116 
1477	296 
1478	218 
1479	23 
1480	288 
1481	242 
1482	9 
1483	2 
1484	127 
1485	268 
1486	82 
1487	2 
1488	189 
1489	281 
1490	216 
1491	47 
1492	46 
1493	55 
1494	75 
1495	105 
1496	258 
1497	248 
1498	136 
1499	261 
1500	28 
1501	16 
1502	149 
1503	208 
1504	246 
1505	278 
1506	251 
1507	117 
1508	140 
1509	25 
1510	155 
1511	271 
1512	232 
1513	10 
1514	241 
1515	143 
1516	57 
1517	246 
1518	80 
1519	193 
1520	195 
1521	113 
1522	223 
1523	118 
1524	194 
1525	304 
1526	171 
1527	296 
1528	45 
1529	77 
1530	262 
1531	228 
1532	301 
1533	58 
1534	220 
1535	184 
1536	213 
1537	4 
1538	106 
1539	279 
1540	269 
1541	195 
1542	282 
1543	229 
1544	270 
1545	302 
1546	218 
1547	81 
1548	227 
1549	93 
1550	293 
1551	225 
1552	65 
1553	92 
1554	82 
1555	30 
1556	185 
1557	96 
1558	188 
1559	45 
1560	304 
1561	278 
1562	119 
1563	86 
1564	120 
1565	197 
1566	200 
1567	182 
1568	116 
1569	250 
1570	180 
1571	33 
1572	246 
1573	5 
1574	282 
1575	148 
1576	140 
1577	69 
1578	52 
1579	56 
1580	271 
1581	62 
1582	219 
1583	283 
1584	152 
1585	204 
1586	262 
1587	275 
1588	228 
1589	85 
1590	41 
1591	255 
1592	203 
1593	202 
1594	49 
1595	58 
1596	98 
1597	150 
1598	127 
1599	30 
1600	103 
1601	122 
1602	210 
1603	219 
1604	109 
1605	222 
1606	66 
1607	156 
1608	26 
1609	212 
1610	18 
1611	14 
1612	51 
1613	245 
1614	26 
1615	18 
1616	160 
1617	60 
1618	104 
1619	150 
1620	146 
1621	200 
1622	181 
1623	56 
1624	98 
1625	124 
1626	117 
1627	240 
1628	107 
1629	201 
1630	126 
1631	192 
1632	298 
1633	124 
1634	49 
1635	141 
1636	281 
1637	165 
1638	299 
1639	222 
1640	160 
1641	32 
1642	167 
1643	119 
1644	220 
1645	109 
1646	225 
1647	159 
1648	78 
1649	86 
1650	71 
1651	129 
1652	74 
1653	92 
1654	51 
1655	279 
1656	27 
1657	198 
1658	263 
1659	271 
1660	37 
1661	228 
1662	306 
1663	73 
1664	176 
1665	193 
1666	156 
1667	61 
1668	143 
1669	12 
1670	247 
1671	290 
1672	90 
1673	150 
1674	45 
1675	220 
1676	196 
1677	233 
1678	292 
1679	166 
1680	307 
1681	7 
1682	210 
1683	45 
1684	222 
1685	76 
1686	220 
1687	95 
1688	67 
1689	158 
1690	268 
1691	111 
1692	291 
1693	282 
1694	300 
1695	277 
1696	218 
1697	295 
1698	10 
1699	147 
1700	214 
1701	135 
1702	45 
1703	43 
1704	135 
1705	187 
1706	261 
1707	255 
1708	7 
1709	250 
1710	22 
1711	289 
1712	162 
1713	229 
1714	291 
1715	284 
1716	105 
1717	30 
1718	45 
1719	144 
1720	88 
1721	186 
1722	263 
1723	288 
1724	200 
1725	174 
1726	180 
1727	241 
1728	219 
1729	136 
1730	95 
1731	160 
1732	232 
1733	100 
1734	39 
1735	32 
1736	190 
1737	112 
1738	103 
1739	287 
1740	58 
1741	145 
1742	3 
1743	103 
1744	228 
1745	234 
1746	131 
1747	167 
1748	167 
1749	161 
1750	29 
1751	238 
1752	228 
1753	297 
1754	244 
1755	53 
1756	194 
1757	58 
1758	280 
1759	232 
1760	278 
1761	172 
1762	67 
1763	58 
1764	2 
1765	176 
1766	23 
1767	143 
1768	170 
1769	258 
1770	202 
1771	262 
1772	33 
1773	68 
1774	258 
1775	34 
1776	97 
1777	34 
1778	169 
1779	69 
1780	247 
1781	265 
1782	259 
1783	41 
1784	27 
1785	185 
1786	149 
1787	240 
1788	145 
1789	100 
1790	48 
1791	264 
1792	18 
1793	116 
1794	246 
1795	3 
1796	250 
1797	300 
1798	166 
1799	8 
1800	10 
1801	13 
1802	92 
1803	160 
1804	252 
1805	157 
1806	217 
1807	284 
1808	10 
1809	129 
1810	19 
1811	180 
1812	66 
1813	76 
1814	276 
1815	228 
1816	198 
1817	243 
1818	238 
1819	206 
1820	268 
1821	113 
1822	111 
1823	243 
1824	177 
1825	147 
1826	248 
1827	77 
1828	129 
1829	22 
1830	155 
1831	135 
1832	140 
1833	161 
1834	42 
1835	50 
1836	130 
1837	29 
1838	165 
1839	59 
1840	130 
1841	50 
1842	46 
1843	201 
1844	116 
1845	70 
1846	303 
1847	115 
1848	285 
1849	141 
1850	232 
1851	164 
1852	6 
1853	208 
1854	86 
1855	181 
1856	13 
1857	168 
1858	62 
1859	251 
1860	228 
1861	55 
1862	263 
1863	161 
1864	255 
1865	291 
1866	106 
1867	157 
1868	24 
1869	5 
1870	52 
1871	188 
1872	223 
1873	122 
1874	108 
1875	35 
1876	27 
1877	27 
1878	73 
1879	247 
1880	7 
1881	240 
1882	180 
1883	266 
1884	194 
1885	4 
1886	133 
1887	92 
1888	306 
1889	74 
1890	261 
1891	135 
1892	109 
1893	306 
1894	242 
1895	294 
1896	245 
1897	128 
1898	51 
1899	113 
1900	200 
1901	48 
1902	297 
1903	49 
1904	83 
1905	113 
1906	46 
1907	53 
1908	6 
1909	52 
1910	219 
1911	27 
1912	276 
1913	84 
1914	225 
1915	5 
1916	219 
1917	146 
1918	158 
1919	33 
1920	169 
1921	200 
1922	1 
1923	144 
1924	132 
1925	61 
1926	282 
1927	199 
1928	69 
1929	112 
1930	177 
1931	240 
1932	108 
1933	155 
1934	146 
1935	226 
1936	52 
1937	207 
1938	72 
1939	236 
1940	142 
1941	230 
1942	253 
1943	227 
1944	252 
1945	159 
1946	16 
1947	239 
1948	241 
1949	270 
1950	24 
1951	292 
1952	17 
1953	188 
1954	96 
1955	52 
1956	73 
1957	95 
1958	16 
1959	139 
1960	172 
1961	162 
1962	162 
1963	107 
1964	63 
1965	6 
1966	91 
1967	291 
1968	232 
1969	271 
1970	240 
1971	209 
1972	124 
1973	94 
1974	103 
1975	221 
1976	264 
1977	226 
1978	111 
1979	247 
1980	15 
1981	212 
1982	172 
1983	200 
1984	105 
1985	197 
1986	22 
1987	208 
1988	68 
1989	291 
1990	299 
1991	287 
1992	285 
1993	49 
1994	184 
1995	3 
1996	262 
1997	127 
1998	212 
1999	158 
2000	286 
2001	289 
2002	248 
2003	102 
2004	74 
2005	294 
2006	69 
2007	12 
2008	272 
2009	35 
2010	56 
2011	214 
2012	132 
2013	72 
2014	279 
2015	45 
2016	255 
2017	94 
2018	230 
2019	136 
2020	180 
2021	203 
2022	108 
2023	147 
2024	191 
2025	62 
2026	12 
2027	80 
2028	228 
2029	71 
2030	149 
2031	260 
2032	141 
2033	40 
2034	131 
2035	47 
2036	8 
2037	51 
2038	10 
2039	78 
2040	304 
2041	67 
2042	188 
2043	17 
2044	236 
2045	93 
2046	152 
2047	50 
2048	285 
2049	247 
2050	12 
2051	161 
2052	17 
2053	245 
2054	119 
2055	124 
2056	296 
2057	231 
2058	180 
2059	306 
2060	121 
2061	102 
2062	234 
2063	213 
2064	36 
2065	220 
2066	108 
2067	202 
2068	84 
2069	121 
2070	264 
2071	198 
2072	41 
2073	5 
2074	187 
2075	229 
2076	22 
2077	211 
2078	101 
2079	34 
2080	73 
2081	124 
2082	234 
2083	46 
2084	293 
2085	13 
2086	84 
2087	303 
2088	67 
2089	80 
2090	153 
2091	194 
2092	127 
2093	74 
2094	82 
2095	109 
2096	50 
2097	221 
2098	242 
2099	112 
2100	166 
2101	267 
2102	225 
2103	229 
2104	122 
2105	294 
2106	238 
2107	220 
2108	44 
2109	109 
2110	77 
2111	180 
2112	42 
2113	155 
2114	182 
2115	154 
2116	81 
2117	157 
2118	171 
2119	247 
2120	298 
2121	40 
2122	210 
2123	42 
2124	170 
2125	104 
2126	193 
2127	269 
2128	52 
2129	64 
2130	179 
2131	301 
2132	305 
2133	292 
2134	307 
2135	99 
2136	32 
2137	212 
2138	22 
2139	291 
2140	143 
2141	269 
2142	4 
2143	80 
2144	199 
2145	162 
2146	81 
2147	65 
2148	40 
2149	65 
2150	216 
2151	226 
2152	134 
2153	115 
2154	104 
2155	101 
2156	121 
2157	85 
2158	244 
2159	254 
2160	26 
2161	177 
2162	60 
2163	290 
2164	20 
2165	295 
2166	162 
2167	17 
2168	105 
2169	290 
2170	137 
2171	257 
2172	179 
2173	289 
2174	249 
2175	288 
2176	2 
2177	208 
2178	132 
2179	157 
2180	295 
2181	235 
2182	86 
2183	223 
2184	290 
2185	143 
2186	194 
2187	4 
2188	174 
2189	302 
2190	17 
2191	113 
2192	109 
2193	126 
2194	15 
2195	260 
2196	214 
2197	257 
2198	112 
2199	278 
2200	24 
2201	225 
2202	218 
2203	137 
2204	33 
2205	147 
2206	235 
2207	112 
2208	49 
2209	194 
2210	236 
2211	281 
2212	62 
2213	239 
2214	93 
2215	196 
2216	156 
2217	2 
2218	18 
2219	281 
2220	14 
2221	73 
2222	257 
2223	124 
2224	11 
2225	45 
2226	16 
2227	60 
2228	239 
2229	84 
2230	261 
2231	149 
2232	32 
2233	185 
2234	92 
2235	25 
2236	177 
2237	282 
2238	78 
2239	194 
2240	152 
2241	280 
2242	197 
2243	259 
2244	92 
2245	265 
2246	47 
2247	9 
2248	253 
2249	285 
2250	112 
2251	237 
2252	141 
2253	185 
2254	262 
2255	26 
2256	180 
2257	188 
2258	106 
2259	89 
2260	216 
2261	274 
2262	226 
2263	138 
2264	152 
2265	135 
2266	88 
2267	77 
2268	256 
2269	175 
2270	299 
2271	168 
2272	243 
2273	130 
2274	302 
2275	109 
2276	235 
2277	180 
2278	71 
2279	139 
2280	59 
2281	289 
2282	90 
2283	46 
2284	251 
2285	116 
2286	30 
2287	37 
2288	168 
2289	179 
2290	209 
2291	161 
2292	7 
2293	185 
2294	307 
2295	209 
2296	101 
2297	252 
2298	119 
2299	167 
2300	279 
2301	249 
2302	257 
2303	73 
2304	14 
2305	39 
2306	62 
2307	303 
2308	24 
2309	206 
2310	56 
2311	98 
2312	303 
2313	190 
2314	187 
2315	256 
2316	190 
2317	118 
2318	103 
2319	19 
2320	296 
2321	293 
2322	120 
2323	65 
2324	104 
2325	225 
2326	265 
2327	276 
2328	14 
2329	84 
2330	259 
2331	304 
2332	303 
2333	37 
2334	8 
2335	30 
2336	11 
2337	240 
2338	245 
2339	153 
2340	185 
2341	170 
2342	114 
2343	263 
2344	179 
2345	117 
2346	162 
2347	191 
2348	296 
2349	63 
2350	145 
2351	166 
2352	146 
2353	97 
2354	52 
2355	212 
2356	61 
2357	307 
2358	241 
2359	80 
2360	134 
2361	229 
2362	166 
2363	170 
2364	137 
2365	209 
2366	179 
2367	54 
2368	101 
2369	154 
2370	8 
2371	244 
2372	80 
2373	115 
2374	301 
2375	135 
2376	192 
2377	279 
2378	155 
2379	173 
2380	288 
2381	23 
2382	289 
2383	39 
2384	19 
2385	17 
2386	144 
2387	59 
2388	212 
2389	99 
2390	119 
2391	74 
2392	58 
2393	100 
2394	304 
2395	71 
2396	84 
2397	155 
2398	78 
2399	168 
2400	95 
2401	124 
2402	30 
2403	195 
2404	144 
2405	117 
2406	6 
2407	205 
2408	207 
2409	77 
2410	278 
2411	41 
2412	17 
2413	148 
2414	226 
2415	18 
2416	296 
2417	254 
2418	276 
2419	110 
2420	252 
2421	103 
2422	102 
2423	121 
2424	76 
2425	21 
2426	179 
2427	255 
2428	1 
2429	162 
2430	287 
2431	107 
2432	182 
2433	202 
2434	75 
2435	253 
2436	139 
2437	252 
2438	81 
2439	28 
2440	80 
2441	143 
2442	31 
2443	176 
2444	261 
2445	145 
2446	100 
2447	269 
2448	115 
2449	282 
2450	258 
2451	142 
2452	195 
2453	125 
2454	84 
2455	87 
2456	47 
2457	99 
2458	43 
2459	277 
2460	16 
2461	298 
2462	178 
2463	179 
2464	298 
2465	104 
2466	261 
2467	98 
2468	280 
2469	74 
2470	231 
2471	107 
2472	20 
2473	140 
2474	176 
2475	259 
2476	301 
2477	179 
2478	164 
2479	96 
2480	272 
2481	157 
2482	55 
2483	302 
2484	178 
2485	179 
2486	241 
2487	203 
2488	294 
2489	13 
2490	152 
2491	66 
2492	120 
2493	230 
2494	51 
2495	158 
2496	72 
2497	200 
2498	7 
2499	162 
2500	174 
2501	65 
2502	110 
2503	303 
2504	303 
2505	91 
2506	131 
2507	172 
2508	203 
2509	48 
2510	255 
2511	96 
2512	64 
2513	20 
2514	182 
2515	221 
2516	96 
2517	98 
2518	290 
2519	256 
2520	227 
2521	170 
2522	75 
2523	9 
2524	297 
2525	165 
2526	49 
2527	299 
2528	103 
2529	227 
2530	218 
2531	119 
2532	245 
2533	81 
2534	40 
2535	209 
2536	6 
2537	296 
2538	288 
2539	147 
2540	104 
2541	243 
2542	283 
2543	174 
2544	146 
2545	232 
2546	202 
2547	69 
2548	243 
2549	17 
2550	273 
2551	10 
2552	15 
2553	107 
2554	146 
2555	264 
2556	147 
2557	129 
2558	269 
2559	111 
2560	225 
2561	8 
2562	93 
2563	183 
2564	279 
2565	171 
2566	250 
2567	175 
2568	184 
2569	302 
2570	292 
2571	135 
2572	68 
2573	59 
2574	270 
2575	85 
2576	10 
2577	115 
2578	154 
2579	149 
2580	118 
2581	72 
2582	141 
2583	20 
2584	176 
2585	20 
2586	275 
2587	1 
2588	108 
2589	287 
2590	198 
2591	175 
2592	242 
2593	221 
2594	187 
2595	295 
2596	306 
2597	36 
2598	166 
2599	190 
2600	190 
2601	207 
2602	94 
2603	31 
2604	122 
2605	206 
2606	76 
2607	14 
2608	234 
2609	240 
2610	180 
2611	22 
2612	91 
2613	209 
2614	66 
2615	294 
2616	289 
2617	136 
2618	42 
2619	163 
2620	5 
2621	236 
2622	268 
2623	12 
2624	63 
2625	50 
2626	226 
2627	286 
2628	34 
2629	42 
2630	90 
2631	21 
2632	168 
2633	226 
2634	204 
2635	267 
2636	48 
2637	233 
2638	189 
2639	8 
2640	125 
2641	89 
2642	107 
2643	125 
2644	8 
2645	143 
2646	169 
2647	60 
2648	188 
2649	216 
2650	203 
2651	113 
2652	60 
2653	154 
2654	249 
2655	12 
2656	21 
2657	32 
2658	1 
2659	152 
2660	67 
2661	289 
2662	299 
2663	50 
2664	102 
2665	75 
2666	209 
2667	173 
2668	29 
2669	97 
2670	144 
2671	10 
2672	105 
2673	298 
2674	148 
2675	242 
2676	197 
2677	154 
2678	187 
2679	29 
2680	217 
2681	145 
2682	75 
2683	223 
2684	91 
2685	111 
2686	189 
2687	274 
2688	222 
2689	17 
2690	254 
2691	42 
2692	262 
2693	167 
2694	24 
2695	289 
2696	77 
2697	79 
2698	252 
2699	141 
2700	264 
2701	184 
2702	159 
2703	87 
2704	264 
2705	105 
2706	299 
2707	120 
2708	297 
2709	151 
2710	11 
2711	207 
2712	183 
2713	22 
2714	191 
2715	164 
2716	45 
2717	183 
2718	209 
2719	239 
2720	94 
2721	59 
2722	275 
2723	200 
2724	23 
2725	195 
2726	298 
2727	36 
2728	95 
2729	132 
2730	7 
2731	50 
2732	246 
2733	254 
2734	285 
2735	34 
2736	148 
2737	277 
2738	130 
2739	57 
2740	75 
2741	291 
2742	106 
2743	190 
2744	147 
2745	44 
2746	306 
2747	235 
2748	93 
2749	178 
2750	121 
2751	67 
2752	135 
2753	90 
2754	306 
2755	275 
2756	98 
2757	70 
2758	303 
2759	75 
2760	132 
2761	137 
2762	111 
2763	127 
2764	94 
2765	77 
2766	41 
2767	185 
2768	137 
2769	14 
2770	8 
2771	181 
2772	148 
2773	64 
2774	303 
2775	253 
2776	28 
2777	118 
2778	85 
2779	49 
2780	303 
2781	175 
2782	51 
2783	212 
2784	232 
2785	138 
2786	64 
2787	100 
2788	177 
2789	167 
2790	150 
2791	293 
2792	208 
2793	127 
2794	26 
2795	44 
2796	188 
2797	85 
2798	137 
2799	46 
2800	139 
2801	82 
2802	165 
2803	168 
2804	299 
2805	23 
2806	139 
2807	190 
2808	98 
2809	54 
2810	257 
2811	120 
2812	31 
2813	18 
2814	93 
2815	82 
2816	170 
2817	302 
2818	216 
2819	234 
2820	199 
2821	192 
2822	88 
2823	88 
2824	286 
2825	173 
2826	219 
2827	233 
2828	193 
2829	121 
2830	170 
2831	278 
2832	100 
2833	241 
2834	145 
2835	249 
2836	187 
2837	165 
2838	240 
2839	237 
2840	289 
2841	198 
2842	188 
2843	226 
2844	9 
2845	278 
2846	80 
2847	301 
2848	268 
2849	124 
2850	55 
2851	267 
2852	97 
2853	275 
2854	276 
2855	279 
2856	241 
2857	131 
2858	209 
2859	188 
2860	194 
2861	137 
2862	140 
2863	97 
2864	4 
2865	128 
2866	269 
2867	290 
2868	150 
2869	278 
2870	2 
2871	192 
2872	117 
2873	125 
2874	45 
2875	10 
2876	32 
2877	99 
2878	215 
2879	77 
2880	296 
2881	13 
2882	99 
2883	245 
2884	249 
2885	263 
2886	23 
2887	59 
2888	267 
2889	260 
2890	255 
2891	296 
2892	75 
2893	166 
2894	122 
2895	99 
2896	267 
2897	210 
2898	98 
2899	26 
2900	221 
2901	25 
2902	192 
2903	19 
2904	58 
2905	88 
2906	143 
2907	218 
2908	8 
2909	273 
2910	100 
2911	121 
2912	288 
2913	150 
2914	247 
2915	113 
2916	83 
2917	122 
2918	95 
2919	186 
2920	73 
2921	164 
2922	234 
2923	186 
2924	137 
2925	70 
2926	125 
2927	109 
2928	183 
2929	135 
2930	278 
2931	203 
2932	47 
2933	204 
2934	17 
2935	208 
2936	8 
2937	128 
2938	271 
2939	103 
2940	274 
2941	90 
2942	286 
2943	191 
2944	37 
2945	85 
2946	17 
2947	106 
2948	209 
2949	254 
2950	277 
2951	206 
2952	264 
2953	29 
2954	62 
2955	54 
2956	137 
2957	102 
2958	179 
2959	220 
2960	180 
2961	51 
2962	279 
2963	194 
2964	156 
2965	182 
2966	244 
2967	165 
2968	269 
2969	107 
2970	305 
2971	59 
2972	200 
2973	243 
2974	125 
2975	293 
2976	193 
2977	242 
2978	140 
2979	182 
2980	91 
2981	100 
2982	211 
2983	161 
2984	194 
2985	168 
2986	248 
2987	236 
2988	281 
2989	72 
2990	306 
2991	206 
2992	204 
2993	202 
2994	165 
2995	242 
2996	191 
2997	42 
2998	10 
2999	255 
3000	296 
3001	3 
3002	288 
3003	277 
3004	156 
3005	243 
3006	50 
3007	23 
3008	213 
3009	143 
3010	266 
3011	252 
3012	234 
3013	263 
3014	67 
3015	163 
3016	270 
3017	213 
3018	303 
3019	90 
3020	272 
3021	169 
3022	25 
3023	287 
3024	106 
3025	258 
3026	49 
3027	29 
3028	238 
3029	232 
3030	157 
3031	267 
3032	141 
3033	27 
3034	138 
3035	26 
3036	196 
3037	286 
3038	268 
3039	180 
3040	127 
3041	70 
3042	45 
3043	232 
3044	35 
3045	16 
3046	113 
3047	227 
3048	183 
3049	2 
3050	169 
3051	68 
3052	142 
3053	59 
3054	231 
3055	222 
3056	51 
3057	257 
3058	250 
3059	25 
3060	98 
3061	16 
3062	260 
3063	183 
3064	95 
3065	147 
3066	241 
3067	115 
3068	125 
3069	23 
3070	16 
3071	192 
3072	84 
3073	75 
3074	280 
3075	22 
3076	32 
3077	74 
3078	221 
3079	125 
3080	110 
3081	129 
3082	99 
3083	36 
3084	138 
3085	11 
3086	75 
3087	144 
3088	89 
3089	230 
3090	287 
3091	99 
3092	5 
3093	233 
3094	87 
3095	272 
3096	144 
3097	46 
3098	153 
3099	76 
3100	81 
3101	139 
3102	165 
3103	248 
3104	287 
3105	133 
3106	219 
3107	273 
3108	40 
3109	173 
3110	49 
3111	112 
3112	222 
3113	170 
3114	84 
3115	291 
3116	231 
3117	177 
3118	273 
3119	155 
3120	207 
3121	127 
3122	185 
3123	231 
3124	58 
3125	128 
3126	213 
3127	284 
3128	131 
3129	163 
3130	133 
3131	151 
3132	45 
3133	297 
3134	31 
3135	81 
3136	117 
3137	10 
3138	261 
3139	170 
3140	98 
3141	300 
3142	133 
3143	300 
3144	83 
3145	218 
3146	70 
3147	3 
3148	289 
3149	66 
3150	200 
3151	62 
3152	203 
3153	263 
3154	183 
3155	48 
3156	146 
3157	120 
3158	19 
3159	123 
3160	234 
3161	217 
3162	261 
3163	279 
3164	184 
3165	243 
3166	118 
3167	167 
3168	129 
3169	63 
3170	148 
3171	279 
3172	276 
3173	36 
3174	49 
3175	13 
3176	113 
3177	120 
3178	132 
3179	182 
3180	165 
3181	280 
3182	12 
3183	43 
3184	24 
3185	225 
3186	153 
3187	10 
3188	113 
3189	240 
3190	89 
3191	43 
3192	145 
3193	5 
3194	45 
3195	242 
3196	26 
3197	17 
3198	53 
3199	282 
3200	88 
3201	159 
3202	8 
3203	267 
3204	75 
3205	114 
3206	178 
3207	279 
3208	87 
3209	179 
3210	78 
3211	232 
3212	38 
3213	21 
3214	259 
3215	2 
3216	205 
3217	113 
3218	79 
3219	258 
3220	206 
3221	304 
3222	53 
3223	191 
3224	175 
3225	215 
3226	183 
3227	38 
3228	108 
3229	215 
3230	65 
3231	72 
3232	61 
3233	286 
3234	284 
3235	205 
3236	42 
3237	242 
3238	223 
3239	263 
3240	226 
3241	253 
3242	194 
3243	12 
3244	283 
3245	146 
3246	300 
3247	112 
3248	11 
3249	116 
3250	200 
3251	294 
3252	204 
3253	222 
3254	23 
3255	6 
3256	85 
3257	250 
3258	102 
3259	105 
3260	266 
3261	165 
3262	219 
3263	39 
3264	254 
3265	3 
3266	243 
3267	78 
3268	162 
3269	101 
3270	188 
3271	228 
3272	11 
3273	212 
3274	109 
3275	70 
3276	106 
3277	261 
3278	273 
3279	251 
3280	264 
3281	285 
3282	236 
3283	87 
3284	30 
3285	263 
3286	90 
3287	157 
3288	136 
3289	259 
3290	170 
3291	256 
3292	212 
3293	245 
3294	284 
3295	298 
3296	176 
3297	299 
3298	61 
3299	24 
3300	8 
3301	252 
3302	296 
3303	203 
3304	267 
3305	125 
3306	182 
3307	257 
3308	213 
3309	161 
3310	224 
3311	274 
3312	167 
3313	135 
3314	219 
3315	244 
3316	146 
3317	75 
3318	3 
3319	138 
3320	123 
3321	125 
3322	98 
3323	247 
3324	146 
3325	186 
3326	206 
3327	243 
3328	286 
3329	235 
3330	1 
3331	183 
3332	229 
3333	124 
3334	46 
3335	164 
3336	171 
3337	289 
3338	271 
3339	179 
3340	14 
3341	251 
3342	224 
3343	254 
3344	125 
3345	22 
3346	162 
3347	174 
3348	100 
3349	115 
3350	58 
3351	297 
3352	147 
3353	131 
3354	195 
3355	35 
3356	289 
3357	4 
3358	275 
3359	215 
3360	149 
3361	137 
3362	185 
3363	283 
3364	30 
3365	53 
3366	16 
3367	198 
3368	290 
3369	196 
3370	165 
3371	95 
3372	109 
3373	74 
3374	186 
3375	203 
3376	84 
3377	87 
3378	264 
3379	231 
3380	50 
3381	267 
3382	109 
3383	193 
3384	114 
3385	213 
3386	136 
3387	242 
3388	278 
3389	301 
3390	32 
3391	48 
3392	151 
3393	138 
3394	213 
3395	108 
3396	178 
3397	301 
3398	267 
3399	85 
3400	171 
3401	123 
3402	64 
3403	213 
3404	192 
3405	290 
3406	53 
3407	119 
3408	251 
3409	130 
3410	241 
3411	41 
3412	176 
3413	136 
3414	283 
3415	53 
3416	78 
3417	211 
3418	113 
3419	46 
3420	279 
3421	83 
3422	263 
3423	248 
3424	15 
3425	1 
3426	132 
3427	181 
3428	137 
3429	193 
3430	39 
3431	61 
3432	298 
3433	91 
3434	163 
3435	58 
3436	175 
3437	188 
3438	132 
3439	145 
3440	76 
3441	241 
3442	60 
3443	297 
3444	93 
3445	5 
3446	19 
3447	96 
3448	70 
3449	170 
3450	182 
3451	42 
3452	132 
3453	245 
3454	44 
3455	122 
3456	295 
3457	143 
3458	264 
3459	186 
3460	196 
3461	66 
3462	2 
3463	56 
3464	212 
3465	34 
3466	293 
3467	297 
3468	9 
3469	235 
3470	296 
3471	185 
3472	207 
3473	210 
3474	156 
3475	44 
3476	289 
3477	84 
3478	9 
3479	78 
3480	211 
3481	245 
3482	86 
3483	182 
3484	124 
3485	206 
3486	236 
3487	98 
3488	100 
3489	212 
3490	252 
3491	113 
3492	149 
3493	98 
3494	7 
3495	139 
3496	116 
3497	4 
3498	60 
3499	84 
3500	263 
3501	178 
3502	170 
3503	202 
3504	297 
3505	65 
3506	223 
3507	179 
3508	203 
3509	55 
3510	275 
3511	167 
3512	96 
3513	76 
3514	229 
3515	182 
3516	21 
3517	243 
3518	274 
3519	207 
3520	159 
3521	63 
3522	207 
3523	86 
3524	88 
3525	239 
3526	43 
3527	275 
3528	116 
3529	302 
3530	281 
3531	187 
3532	36 
3533	200 
3534	304 
3535	53 
3536	68 
3537	177 
3538	201 
3539	84 
3540	184 
3541	172 
3542	155 
3543	285 
3544	116 
3545	277 
3546	100 
3547	124 
3548	205 
3549	197 
3550	86 
3551	30 
3552	2 
3553	87 
3554	208 
3555	33 
3556	145 
3557	242 
3558	265 
3559	10 
3560	290 
3561	42 
3562	28 
3563	67 
3564	89 
3565	208 
3566	141 
3567	236 
3568	119 
3569	155 
3570	42 
3571	32 
3572	22 
3573	265 
3574	35 
3575	80 
3576	185 
3577	152 
3578	188 
3579	211 
3580	250 
3581	257 
3582	110 
3583	227 
3584	149 
3585	59 
3586	36 
3587	239 
3588	96 
3589	159 
3590	114 
3591	123 
3592	241 
3593	305 
3594	153 
3595	54 
3596	230 
3597	188 
3598	42 
3599	129 
3600	107 
3601	160 
3602	302 
3603	100 
3604	163 
3605	219 
3606	303 
3607	6 
3608	279 
3609	32 
3610	14 
3611	307 
3612	222 
3613	272 
3614	257 
3615	265 
3616	184 
3617	21 
3618	287 
3619	127 
3620	224 
3621	43 
3622	212 
3623	262 
3624	51 
3625	151 
3626	145 
3627	279 
3628	25 
3629	95 
3630	118 
3631	22 
3632	19 
3633	69 
3634	140 
3635	186 
3636	10 
3637	28 
3638	186 
3639	42 
3640	58 
3641	168 
3642	187 
3643	167 
3644	92 
3645	207 
3646	265 
3647	290 
3648	9 
3649	220 
3650	135 
3651	120 
3652	176 
3653	271 
3654	284 
3655	195 
3656	57 
3657	168 
3658	187 
3659	233 
3660	154 
3661	68 
3662	120 
3663	107 
3664	112 
3665	260 
3666	249 
3667	295 
3668	109 
3669	241 
3670	144 
3671	78 
3672	10 
3673	147 
3674	24 
3675	294 
3676	9 
3677	240 
3678	196 
3679	279 
3680	14 
3681	86 
3682	148 
3683	303 
3684	178 
3685	65 
3686	125 
3687	158 
3688	303 
3689	223 
3690	193 
3691	114 
3692	65 
3693	261 
3694	99 
3695	2 
3696	248 
3697	271 
3698	52 
3699	227 
3700	289 
3701	190 
3702	285 
3703	224 
3704	96 
3705	51 
3706	142 
3707	101 
3708	89 
3709	84 
3710	288 
3711	9 
3712	169 
3713	62 
3714	112 
3715	219 
3716	97 
3717	68 
3718	295 
3719	28 
3720	183 
3721	249 
3722	224 
3723	140 
3724	239 
3725	271 
3726	221 
3727	232 
3728	87 
3729	84 
3730	170 
3731	147 
3732	269 
3733	104 
3734	228 
3735	264 
3736	292 
3737	187 
3738	249 
3739	221 
3740	205 
3741	56 
3742	140 
3743	186 
3744	284 
3745	71 
3746	239 
3747	45 
3748	214 
3749	43 
3750	15 
3751	121 
3752	127 
3753	11 
3754	283 
3755	161 
3756	167 
3757	169 
3758	143 
3759	258 
3760	272 
3761	67 
3762	22 
3763	270 
3764	267 
3765	167 
3766	189 
3767	233 
3768	244 
3769	137 
3770	195 
3771	44 
3772	27 
3773	128 
3774	39 
3775	112 
3776	23 
3777	269 
3778	238 
3779	12 
3780	195 
3781	121 
3782	3 
3783	42 
3784	112 
3785	265 
3786	110 
3787	211 
3788	245 
3789	271 
3790	292 
3791	302 
3792	127 
3793	132 
3794	269 
3795	93 
3796	150 
3797	85 
3798	289 
3799	51 
3800	58 
3801	68 
3802	201 
3803	4 
3804	133 
3805	37 
3806	220 
3807	94 
3808	251 
3809	285 
3810	223 
3811	41 
3812	175 
3813	21 
3814	16 
3815	121 
3816	239 
3817	46 
3818	146 
3819	210 
3820	34 
3821	10 
3822	19 
3823	188 
3824	305 
3825	294 
3826	290 
3827	18 
3828	248 
3829	164 
3830	38 
3831	282 
3832	7 
3833	130 
3834	115 
3835	136 
3836	293 
3837	77 
3838	60 
3839	91 
3840	171 
3841	172 
3842	300 
3843	169 
3844	121 
3845	296 
3846	13 
3847	171 
3848	59 
3849	104 
3850	63 
3851	90 
3852	70 
3853	157 
3854	298 
3855	190 
3856	174 
3857	234 
3858	9 
3859	304 
3860	43 
3861	148 
3862	178 
3863	232 
3864	292 
3865	247 
3866	13 
3867	165 
3868	254 
3869	52 
3870	198 
3871	226 
3872	201 
3873	87 
3874	222 
3875	286 
3876	274 
3877	238 
3878	23 
3879	14 
3880	221 
3881	58 
3882	283 
3883	25 
3884	32 
3885	60 
3886	42 
3887	140 
3888	59 
3889	217 
3890	303 
3891	175 
3892	298 
3893	106 
3894	146 
3895	304 
3896	60 
3897	264 
3898	135 
3899	8 
3900	84 
3901	174 
3902	107 
3903	58 
3904	45 
3905	1 
3906	248 
3907	262 
3908	251 
3909	27 
3910	305 
3911	75 
3912	216 
3913	97 
3914	114 
3915	112 
3916	131 
3917	273 
3918	100 
3919	23 
3920	139 
3921	245 
3922	137 
3923	283 
3924	10 
3925	1 
3926	129 
3927	277 
3928	121 
3929	103 
3930	179 
3931	223 
3932	58 
3933	73 
3934	233 
3935	225 
3936	94 
3937	148 
3938	173 
3939	135 
3940	293 
3941	73 
3942	269 
3943	287 
3944	217 
3945	217 
3946	68 
3947	166 
3948	121 
3949	270 
3950	214 
3951	134 
3952	192 
3953	279 
3954	44 
3955	290 
3956	286 
3957	36 
3958	95 
3959	16 
3960	250 
3961	51 
3962	104 
3963	123 
3964	247 
3965	173 
3966	144 
3967	149 
3968	103 
3969	203 
3970	169 
3971	300 
3972	211 
3973	221 
3974	214 
3975	189 
3976	260 
3977	43 
3978	291 
3979	66 
3980	199 
3981	234 
3982	10 
3983	96 
3984	269 
3985	147 
3986	40 
3987	304 
3988	191 
3989	174 
3990	105 
3991	222 
3992	278 
3993	289 
3994	281 
3995	5 
3996	49 
3997	201 
3998	247 
3999	256 
4000	63 
4001	189 
4002	15 
4003	37 
4004	24 
4005	71 
4006	78 
4007	191 
4008	78 
4009	108 
4010	219 
4011	53 
4012	275 
4013	121 
4014	32 
4015	188 
4016	36 
4017	243 
4018	169 
4019	193 
4020	276 
4021	33 
4022	53 
4023	61 
4024	79 
4025	83 
4026	71 
4027	249 
4028	249 
4029	221 
4030	137 
4031	302 
4032	15 
4033	197 
4034	30 
4035	196 
4036	20 
4037	14 
4038	172 
4039	220 
4040	243 
4041	122 
4042	71 
4043	108 
4044	98 
4045	66 
4046	258 
4047	276 
4048	24 
4049	250 
4050	271 
4051	100 
4052	75 
4053	201 
4054	193 
4055	276 
4056	62 
4057	237 
4058	201 
4059	88 
4060	12 
4061	137 
4062	211 
4063	304 
4064	174 
4065	213 
4066	111 
4067	12 
4068	143 
4069	124 
4070	143 
4071	125 
4072	291 
4073	189 
4074	255 
4075	163 
4076	256 
4077	228 
4078	278 
4079	267 
4080	51 
4081	39 
4082	290 
4083	243 
4084	167 
4085	187 
4086	175 
4087	295 
4088	107 
4089	285 
4090	293 
4091	129 
4092	6 
4093	37 
4094	254 
4095	12 
4096	79 
4097	47 
4098	251 
4099	243 
4100	88 
4101	43 
4102	130 
4103	182 
4104	193 
4105	244 
4106	5 
4107	196 
4108	273 
4109	57 
4110	139 
4111	260 
4112	117 
4113	276 
4114	228 
4115	83 
4116	192 
4117	262 
4118	100 
4119	125 
4120	296 
4121	178 
4122	150 
4123	284 
4124	106 
4125	167 
4126	22 
4127	247 
4128	35 
4129	194 
4130	15 
4131	256 
4132	163 
4133	204 
4134	142 
4135	47 
4136	66 
4137	22 
4138	35 
4139	140 
4140	244 
4141	255 
4142	34 
4143	292 
4144	2 
4145	283 
4146	305 
4147	29 
4148	248 
4149	63 
4150	274 
4151	131 
4152	108 
4153	273 
4154	17 
4155	20 
4156	273 
4157	5 
4158	110 
4159	154 
4160	94 
4161	191 
4162	112 
4163	28 
4164	231 
4165	181 
4166	111 
4167	43 
4168	265 
4169	193 
4170	76 
4171	137 
4172	253 
4173	110 
4174	146 
4175	110 
4176	291 
4177	133 
4178	69 
4179	277 
4180	45 
4181	13 
4182	20 
4183	195 
4184	227 
4185	284 
4186	48 
4187	234 
4188	117 
4189	263 
4190	9 
4191	94 
4192	109 
4193	299 
4194	41 
4195	194 
4196	301 
4197	264 
4198	131 
4199	246 
4200	298 
4201	83 
4202	217 
4203	40 
4204	73 
4205	90 
4206	74 
4207	232 
4208	71 
4209	5 
4210	4 
4211	111 
4212	10 
4213	46 
4214	147 
4215	189 
4216	20 
4217	164 
4218	115 
4219	272 
4220	108 
4221	295 
4222	286 
4223	272 
4224	125 
4225	171 
4226	1 
4227	196 
4228	228 
4229	102 
4230	306 
4231	36 
4232	181 
4233	1 
4234	5 
4235	141 
4236	224 
4237	171 
4238	215 
4239	91 
4240	115 
4241	105 
4242	182 
4243	1 
4244	226 
4245	110 
4246	301 
4247	201 
4248	11 
4249	121 
4250	243 
4251	33 
4252	116 
4253	149 
4254	280 
4255	266 
4256	220 
4257	63 
4258	158 
4259	151 
4260	254 
4261	269 
4262	103 
4263	160 
4264	163 
4265	55 
4266	302 
4267	221 
4268	182 
4269	87 
4270	7 
4271	46 
4272	296 
4273	10 
4274	193 
4275	238 
4276	211 
4277	147 
4278	89 
4279	47 
4280	43 
4281	277 
4282	28 
4283	133 
4284	182 
4285	155 
4286	134 
4287	19 
4288	128 
4289	250 
4290	72 
4291	175 
4292	140 
4293	228 
4294	214 
4295	29 
4296	92 
4297	120 
4298	131 
4299	246 
4300	222 
4301	239 
4302	245 
4303	269 
4304	185 
4305	47 
4306	174 
4307	141 
4308	170 
4309	173 
4310	253 
4311	115 
4312	277 
4313	254 
4314	195 
4315	28 
4316	67 
4317	137 
4318	299 
4319	100 
4320	281 
4321	213 
4322	273 
4323	16 
4324	255 
4325	121 
4326	121 
4327	210 
4328	205 
4329	195 
4330	133 
4331	268 
4332	21 
4333	23 
4334	305 
4335	118 
4336	94 
4337	287 
4338	140 
4339	239 
4340	182 
4341	26 
4342	139 
4343	145 
4344	13 
4345	250 
4346	157 
4347	134 
4348	94 
4349	93 
4350	37 
4351	278 
4352	136 
4353	220 
4354	218 
4355	145 
4356	109 
4357	231 
4358	219 
4359	6 
4360	48 
4361	4 
4362	62 
4363	109 
4364	33 
4365	87 
4366	233 
4367	46 
4368	184 
4369	175 
4370	297 
4371	73 
4372	214 
4373	51 
4374	228 
4375	289 
4376	286 
4377	175 
4378	44 
4379	291 
4380	152 
4381	47 
4382	98 
4383	56 
4384	181 
4385	199 
4386	39 
4387	129 
4388	117 
4389	276 
4390	171 
4391	103 
4392	13 
4393	168 
4394	62 
4395	195 
4396	262 
4397	22 
4398	93 
4399	27 
4400	247 
4401	227 
4402	238 
4403	116 
4404	198 
4405	274 
4406	248 
4407	126 
4408	231 
4409	4 
4410	87 
4411	16 
4412	178 
4413	234 
4414	83 
4415	118 
4416	18 
4417	307 
4418	276 
4419	268 
4420	166 
4421	250 
4422	33 
4423	173 
4424	159 
4425	264 
4426	202 
4427	298 
4428	286 
4429	290 
4430	211 
4431	300 
4432	166 
4433	56 
4434	218 
4435	305 
4436	219 
4437	129 
4438	273 
4439	220 
4440	133 
4441	173 
4442	144 
4443	306 
4444	176 
4445	178 
4446	169 
4447	148 
4448	75 
4449	206 
4450	27 
4451	238 
4452	269 
4453	189 
4454	147 
4455	191 
4456	17 
4457	83 
4458	87 
4459	238 
4460	122 
4461	302 
4462	67 
4463	297 
4464	110 
4465	80 
4466	81 
4467	86 
4468	169 
4469	18 
4470	281 
4471	241 
4472	64 
4473	36 
4474	252 
4475	233 
4476	48 
4477	195 
4478	3 
4479	96 
4480	40 
4481	19 
4482	131 
4483	236 
4484	67 
4485	202 
4486	266 
4487	164 
4488	57 
4489	8 
4490	171 
4491	36 
4492	81 
4493	285 
4494	181 
4495	285 
4496	5 
4497	145 
4498	288 
4499	253 
4500	251 
4501	86 
4502	136 
4503	261 
4504	211 
4505	221 
4506	124 
4507	117 
4508	74 
4509	29 
4510	51 
4511	175 
4512	20 
4513	207 
4514	265 
4515	199 
4516	121 
4517	57 
4518	13 
4519	207 
4520	11 
4521	256 
4522	39 
4523	242 
4524	46 
4525	54 
4526	280 
4527	282 
4528	221 
4529	256 
4530	25 
4531	274 
4532	107 
4533	232 
4534	175 
4535	222 
4536	248 
4537	254 
4538	246 
4539	208 
4540	23 
4541	270 
4542	109 
4543	79 
4544	300 
4545	231 
4546	137 
4547	199 
4548	154 
4549	78 
4550	286 
4551	156 
4552	179 
4553	265 
4554	34 
4555	192 
4556	25 
4557	241 
4558	6 
4559	126 
4560	89 
4561	7 
4562	111 
4563	263 
4564	234 
4565	151 
4566	92 
4567	145 
4568	159 
4569	123 
4570	89 
4571	73 
4572	256 
4573	6 
4574	83 
4575	98 
4576	172 
4577	174 
4578	251 
4579	141 
4580	216 
4581	68 
4582	55 
4583	155 
4584	254 
4585	12 
4586	75 
4587	35 
4588	41 
4589	256 
4590	94 
4591	24 
4592	206 
4593	62 
4594	84 
4595	204 
4596	236 
4597	109 
4598	77 
4599	35 
4600	148 
4601	73 
4602	245 
4603	67 
4604	61 
4605	259 
4606	179 
4607	123 
4608	254 
4609	251 
4610	291 
4611	101 
4612	50 
4613	227 
4614	57 
4615	33 
4616	304 
4617	78 
4618	257 
4619	140 
4620	9 
4621	216 
4622	190 
4623	191 
4624	186 
4625	156 
4626	252 
4627	25 
4628	105 
4629	149 
4630	160 
4631	248 
4632	126 
4633	174 
4634	163 
4635	173 
4636	147 
4637	175 
4638	225 
4639	70 
4640	204 
4641	79 
4642	13 
4643	270 
4644	284 
4645	218 
4646	66 
4647	155 
4648	117 
4649	283 
4650	271 
4651	204 
4652	108 
4653	300 
4654	205 
4655	154 
4656	292 
4657	147 
4658	9 
4659	38 
4660	158 
4661	303 
4662	135 
4663	190 
4664	265 
4665	33 
4666	92 
4667	234 
4668	36 
4669	88 
4670	126 
4671	151 
4672	279 
4673	101 
4674	52 
4675	74 
4676	26 
4677	297 
4678	269 
4679	4 
4680	249 
4681	299 
4682	152 
4683	34 
4684	79 
4685	192 
4686	231 
4687	204 
4688	182 
4689	235 
4690	265 
4691	172 
4692	174 
4693	256 
4694	243 
4695	21 
4696	223 
4697	253 
4698	96 
4699	261 
4700	158 
4701	270 
4702	222 
4703	296 
4704	243 
4705	88 
4706	5 
4707	260 
4708	258 
4709	211 
4710	68 
4711	24 
4712	114 
4713	148 
4714	110 
4715	10 
4716	37 
4717	307 
4718	14 
4719	80 
4720	246 
4721	151 
4722	281 
4723	151 
4724	61 
4725	218 
4726	256 
4727	266 
4728	297 
4729	61 
4730	118 
4731	295 
4732	55 
4733	132 
4734	47 
4735	95 
4736	255 
4737	249 
4738	162 
4739	83 
4740	228 
4741	105 
4742	283 
4743	109 
4744	266 
4745	242 
4746	74 
4747	230 
4748	259 
4749	118 
4750	287 
4751	186 
4752	143 
4753	225 
4754	118 
4755	281 
4756	12 
4757	253 
4758	237 
4759	97 
4760	57 
4761	254 
4762	238 
4763	205 
4764	302 
4765	158 
4766	169 
4767	239 
4768	43 
4769	73 
4770	118 
4771	184 
4772	109 
4773	184 
4774	84 
4775	265 
4776	285 
4777	1 
4778	3 
4779	127 
4780	221 
4781	158 
4782	21 
4783	76 
4784	34 
4785	124 
4786	59 
4787	119 
4788	157 
4789	193 
4790	38 
4791	52 
4792	214 
4793	41 
4794	76 
4795	56 
4796	276 
4797	108 
4798	122 
4799	7 
4800	61 
4801	205 
4802	185 
4803	120 
4804	188 
4805	277 
4806	2 
4807	255 
4808	37 
4809	245 
4810	217 
4811	156 
4812	33 
4813	66 
4814	116 
4815	207 
4816	121 
4817	137 
4818	128 
4819	18 
4820	50 
4821	250 
4822	47 
4823	87 
4824	48 
4825	222 
4826	214 
4827	68 
4828	187 
4829	160 
4830	37 
4831	201 
4832	73 
4833	180 
4834	51 
4835	23 
4836	25 
4837	118 
4838	46 
4839	25 
4840	212 
4841	243 
4842	62 
4843	76 
4844	94 
4845	51 
4846	131 
4847	52 
4848	223 
4849	108 
4850	20 
4851	101 
4852	139 
4853	58 
4854	120 
4855	234 
4856	144 
4857	25 
4858	223 
4859	6 
4860	307 
4861	137 
4862	93 
4863	19 
4864	164 
4865	6 
4866	218 
4867	134 
4868	80 
4869	109 
4870	244 
4871	100 
4872	156 
4873	63 
4874	62 
4875	226 
4876	113 
4877	235 
4878	228 
4879	263 
4880	302 
4881	210 
4882	76 
4883	216 
4884	192 
4885	89 
4886	219 
4887	195 
4888	56 
4889	54 
4890	65 
4891	99 
4892	223 
4893	98 
4894	102 
4895	299 
4896	232 
4897	216 
4898	6 
4899	34 
4900	182 
4901	162 
4902	61 
4903	232 
4904	245 
4905	249 
4906	285 
4907	216 
4908	286 
4909	165 
4910	2 
4911	238 
4912	180 
4913	35 
4914	125 
4915	35 
4916	146 
4917	262 
4918	69 
4919	190 
4920	43 
4921	307 
4922	117 
4923	137 
4924	159 
4925	107 
4926	92 
4927	195 
4928	113 
4929	200 
4930	215 
4931	66 
4932	130 
4933	268 
4934	88 
4935	186 
4936	183 
4937	180 
4938	277 
4939	269 
4940	247 
4941	28 
4942	77 
4943	217 
4944	89 
4945	143 
4946	126 
4947	288 
4948	5 
4949	153 
4950	265 
4951	144 
4952	67 
4953	118 
4954	166 
4955	287 
4956	138 
4957	156 
4958	175 
4959	229 
4960	112 
4961	110 
4962	31 
4963	246 
4964	133 
4965	188 
4966	225 
4967	254 
4968	266 
4969	293 
4970	54 
4971	60 
4972	137 
4973	3 
4974	58 
4975	215 
4976	123 
4977	123 
4978	151 
4979	23 
4980	112 
4981	297 
4982	68 
4983	128 
4984	186 
4985	88 
4986	35 
4987	130 
4988	147 
4989	105 
4990	14 
4991	235 
4992	157 
4993	257 
4994	270 
4995	207 
4996	207 
4997	38 
4998	245 
4999	159 
5000	169 
5001	250 
5002	214 
5003	198 
5004	241 
5005	215 
5006	57 
5007	184 
5008	217 
5009	204 
5010	201 
5011	298 
5012	239 
5013	132 
5014	25 
5015	132 
5016	191 
5017	162 
5018	110 
5019	290 
5020	266 
5021	156 
5022	286 
5023	204 
5024	288 
5025	300 
5026	46 
5027	83 
5028	56 
5029	279 
5030	214 
5031	59 
5032	149 
5033	80 
5034	153 
5035	31 
5036	233 
5037	295 
5038	225 
5039	228 
5040	268 
5041	241 
5042	255 
5043	235 
5044	138 
5045	259 
5046	149 
5047	214 
5048	274 
5049	296 
5050	286 
5051	248 
5052	290 
5053	165 
5054	184 
5055	48 
5056	114 
5057	254 
5058	233 
5059	230 
5060	100 
5061	53 
5062	215 
5063	283 
5064	268 
5065	213 
5066	67 
5067	270 
5068	138 
5069	120 
5070	259 
5071	192 
5072	6 
5073	171 
5074	119 
5075	63 
5076	296 
5077	4 
5078	16 
5079	184 
5080	110 
5081	192 
5082	41 
5083	3 
5084	112 
5085	38 
5086	301 
5087	94 
5088	207 
5089	38 
5090	103 
5091	184 
5092	29 
5093	188 
5094	253 
5095	231 
5096	52 
5097	72 
5098	297 
5099	99 
5100	124 
5101	166 
5102	31 
5103	81 
5104	40 
5105	296 
5106	3 
5107	51 
5108	249 
5109	197 
5110	296 
5111	86 
5112	124 
5113	264 
5114	137 
5115	286 
5116	256 
5117	245 
5118	193 
5119	217 
5120	135 
5121	47 
5122	176 
5123	76 
5124	289 
5125	279 
5126	218 
5127	271 
5128	89 
5129	281 
5130	181 
5131	152 
5132	221 
5133	284 
5134	244 
5135	74 
5136	250 
5137	132 
5138	262 
5139	95 
5140	86 
5141	173 
5142	143 
5143	254 
5144	32 
5145	150 
5146	150 
5147	86 
5148	77 
5149	280 
5150	292 
5151	253 
5152	298 
5153	110 
5154	126 
5155	175 
5156	3 
5157	99 
5158	144 
5159	247 
5160	244 
5161	79 
5162	144 
5163	307 
5164	101 
5165	81 
5166	148 
5167	269 
5168	31 
5169	240 
5170	289 
5171	16 
5172	59 
5173	212 
5174	15 
5175	199 
5176	224 
5177	103 
5178	77 
5179	254 
5180	244 
5181	135 
5182	267 
5183	266 
5184	9 
5185	53 
5186	303 
5187	44 
5188	222 
5189	19 
5190	182 
5191	110 
5192	111 
5193	287 
5194	143 
5195	227 
5196	241 
5197	115 
5198	129 
5199	113 
5200	160 
5201	207 
5202	48 
5203	126 
5204	228 
5205	270 
5206	255 
5207	55 
5208	129 
5209	52 
5210	281 
5211	34 
5212	23 
5213	254 
5214	161 
5215	286 
5216	289 
5217	5 
5218	64 
5219	41 
5220	284 
5221	242 
5222	71 
5223	115 
5224	65 
5225	193 
5226	211 
5227	31 
5228	241 
5229	33 
5230	169 
5231	199 
5232	186 
5233	64 
5234	150 
5235	225 
5236	113 
5237	252 
5238	183 
5239	210 
5240	261 
5241	231 
5242	213 
5243	274 
5244	255 
5245	75 
5246	131 
5247	180 
5248	23 
5249	105 
5250	52 
5251	90 
5252	158 
5253	180 
5254	104 
5255	36 
5256	120 
5257	296 
5258	240 
5259	222 
5260	48 
5261	204 
5262	209 
5263	216 
5264	49 
5265	184 
5266	189 
5267	46 
5268	274 
5269	305 
5270	91 
5271	220 
5272	134 
5273	268 
5274	5 
5275	234 
5276	289 
5277	268 
5278	199 
5279	84 
5280	125 
5281	164 
5282	163 
5283	112 
5284	158 
5285	66 
5286	183 
5287	255 
5288	142 
5289	215 
5290	267 
5291	275 
5292	110 
5293	277 
5294	295 
5295	83 
5296	135 
5297	222 
5298	116 
5299	25 
5300	88 
5301	243 
5302	224 
5303	276 
5304	67 
5305	238 
5306	55 
5307	120 
5308	103 
5309	306 
5310	50 
5311	137 
5312	154 
5313	257 
5314	249 
5315	110 
5316	253 
5317	141 
5318	125 
5319	253 
5320	13 
5321	84 
5322	186 
5323	175 
5324	70 
5325	130 
5326	238 
5327	188 
5328	295 
5329	80 
5330	262 
5331	121 
5332	85 
5333	213 
5334	123 
5335	283 
5336	132 
5337	154 
5338	23 
5339	277 
5340	43 
5341	232 
5342	28 
5343	86 
5344	21 
5345	170 
5346	108 
5347	286 
5348	266 
5349	111 
5350	272 
5351	14 
5352	140 
5353	242 
5354	97 
5355	230 
5356	105 
5357	243 
5358	168 
5359	121 
5360	127 
5361	208 
5362	100 
5363	89 
5364	299 
5365	53 
5366	251 
5367	279 
5368	142 
5369	57 
5370	286 
5371	197 
5372	145 
5373	250 
5374	258 
5375	29 
5376	64 
5377	181 
5378	153 
5379	25 
5380	303 
5381	305 
5382	184 
5383	198 
5384	52 
5385	271 
5386	260 
5387	227 
5388	263 
5389	213 
5390	179 
5391	247 
5392	43 
5393	125 
5394	184 
5395	39 
5396	297 
5397	83 
5398	156 
5399	251 
5400	23 
5401	87 
5402	204 
5403	291 
5404	97 
5405	268 
5406	229 
5407	167 
5408	110 
5409	159 
5410	77 
5411	85 
5412	251 
5413	250 
5414	145 
5415	132 
5416	179 
5417	153 
5418	84 
5419	216 
5420	192 
5421	249 
5422	170 
5423	144 
5424	226 
5425	4 
5426	18 
5427	115 
5428	179 
5429	63 
5430	211 
5431	149 
5432	195 
5433	75 
5434	7 
5435	66 
5436	170 
5437	198 
5438	38 
5439	179 
5440	1 
5441	7 
5442	114 
5443	166 
5444	100 
5445	102 
5446	238 
5447	187 
5448	49 
5449	283 
5450	275 
5451	35 
5452	26 
5453	237 
5454	85 
5455	164 
5456	223 
5457	145 
5458	65 
5459	201 
5460	41 
5461	228 
5462	94 
5463	108 
5464	211 
5465	96 
5466	124 
5467	133 
5468	154 
5469	31 
5470	156 
5471	35 
5472	18 
5473	307 
5474	228 
5475	41 
5476	218 
5477	74 
5478	153 
5479	134 
5480	141 
5481	71 
5482	72 
5483	139 
5484	280 
5485	128 
5486	218 
5487	94 
5488	300 
5489	16 
5490	74 
5491	153 
5492	142 
5493	136 
5494	34 
5495	51 
5496	248 
5497	255 
5498	149 
5499	155 
5500	63 
5501	71 
5502	227 
5503	87 
5504	126 
5505	295 
5506	93 
5507	46 
5508	114 
5509	168 
5510	29 
5511	24 
5512	67 
5513	270 
5514	105 
5515	20 
5516	92 
5517	275 
5518	47 
5519	240 
5520	154 
5521	97 
5522	145 
5523	269 
5524	8 
5525	278 
5526	283 
5527	293 
5528	75 
5529	58 
5530	267 
5531	160 
5532	233 
5533	199 
5534	77 
5535	270 
5536	65 
5537	146 
5538	120 
5539	136 
5540	195 
5541	148 
5542	210 
5543	266 
5544	104 
5545	126 
5546	179 
5547	193 
5548	293 
5549	222 
5550	273 
5551	163 
5552	212 
5553	31 
5554	130 
5555	136 
5556	117 
5557	73 
5558	27 
5559	100 
5560	261 
5561	264 
5562	65 
5563	186 
5564	22 
5565	131 
5566	7 
5567	148 
5568	82 
5569	90 
5570	82 
5571	70 
5572	31 
5573	113 
5574	300 
5575	121 
5576	113 
5577	219 
5578	68 
5579	271 
5580	267 
5581	306 
5582	227 
5583	119 
5584	164 
5585	221 
5586	199 
5587	288 
5588	134 
5589	268 
5590	149 
5591	293 
5592	179 
5593	206 
5594	279 
5595	146 
5596	277 
5597	26 
5598	198 
5599	248 
5600	46 
5601	20 
5602	70 
5603	164 
5604	251 
5605	292 
5606	19 
5607	241 
5608	181 
5609	105 
5610	152 
5611	56 
5612	89 
5613	198 
5614	52 
5615	249 
5616	293 
5617	194 
5618	228 
5619	173 
5620	72 
5621	244 
5622	214 
5623	152 
5624	193 
5625	99 
5626	272 
5627	207 
5628	297 
5629	156 
5630	99 
5631	256 
5632	137 
5633	231 
5634	134 
5635	266 
5636	267 
5637	77 
5638	218 
5639	282 
5640	261 
5641	214 
5642	78 
5643	280 
5644	62 
5645	259 
5646	211 
5647	257 
5648	229 
5649	297 
5650	159 
5651	204 
5652	260 
5653	49 
5654	184 
5655	288 
5656	169 
5657	258 
5658	74 
5659	111 
5660	47 
5661	250 
5662	192 
5663	180 
5664	117 
5665	71 
5666	137 
5667	20 
5668	231 
5669	285 
5670	259 
5671	2 
5672	145 
5673	4 
5674	162 
5675	259 
5676	82 
5677	138 
5678	82 
5679	46 
5680	197 
5681	298 
5682	43 
5683	53 
5684	143 
5685	105 
5686	30 
5687	277 
5688	236 
5689	199 
5690	33 
5691	264 
5692	18 
5693	234 
5694	170 
5695	139 
5696	213 
5697	260 
5698	98 
5699	25 
5700	72 
5701	207 
5702	194 
5703	97 
5704	292 
5705	208 
5706	1 
5707	15 
5708	218 
5709	283 
5710	220 
5711	140 
5712	300 
5713	146 
5714	228 
5715	8 
5716	122 
5717	111 
5718	171 
5719	179 
5720	218 
5721	236 
5722	207 
5723	28 
5724	15 
5725	105 
5726	225 
5727	297 
5728	199 
5729	283 
5730	241 
5731	247 
5732	140 
5733	69 
5734	126 
5735	112 
5736	219 
5737	32 
5738	59 
5739	280 
5740	24 
5741	191 
5742	20 
5743	192 
5744	198 
5745	299 
5746	256 
5747	202 
5748	197 
5749	191 
5750	130 
5751	293 
5752	307 
5753	24 
5754	184 
5755	276 
5756	219 
5757	250 
5758	260 
5759	34 
5760	219 
5761	102 
5762	90 
5763	273 
5764	249 
5765	249 
5766	115 
5767	121 
5768	53 
5769	258 
5770	90 
5771	136 
5772	297 
5773	142 
5774	103 
5775	279 
5776	195 
5777	67 
5778	135 
5779	248 
5780	273 
5781	60 
5782	240 
5783	165 
5784	39 
5785	6 
5786	64 
5787	171 
5788	16 
5789	75 
5790	255 
5791	273 
5792	122 
5793	72 
5794	232 
5795	65 
5796	98 
5797	61 
5798	122 
5799	130 
5800	49 
5801	123 
5802	202 
5803	148 
5804	176 
5805	259 
5806	304 
5807	237 
5808	115 
5809	78 
5810	294 
5811	124 
5812	50 
5813	137 
5814	207 
5815	36 
5816	66 
5817	301 
5818	76 
5819	6 
5820	42 
5821	143 
5822	54 
5823	89 
5824	272 
5825	253 
5826	201 
5827	198 
5828	239 
5829	228 
5830	184 
5831	5 
5832	53 
5833	180 
5834	161 
5835	234 
5836	150 
5837	278 
5838	161 
5839	186 
5840	15 
5841	79 
5842	20 
5843	298 
5844	94 
5845	254 
5846	266 
5847	199 
5848	77 
5849	303 
5850	81 
5851	134 
5852	272 
5853	285 
5854	149 
5855	187 
5856	224 
5857	290 
5858	161 
5859	68 
5860	119 
5861	263 
5862	191 
5863	295 
5864	171 
5865	188 
5866	256 
5867	206 
5868	73 
5869	10 
5870	176 
5871	202 
5872	140 
5873	259 
5874	97 
5875	140 
5876	108 
5877	281 
5878	111 
5879	238 
5880	185 
5881	35 
5882	140 
5883	299 
5884	254 
5885	112 
5886	95 
5887	191 
5888	7 
5889	291 
5890	91 
5891	132 
5892	20 
5893	52 
5894	189 
5895	177 
5896	232 
5897	128 
5898	58 
5899	105 
5900	165 
5901	269 
5902	103 
5903	111 
5904	173 
5905	63 
5906	279 
5907	146 
5908	230 
5909	200 
5910	77 
5911	14 
5912	98 
5913	87 
5914	11 
5915	247 
5916	121 
5917	37 
5918	222 
5919	109 
5920	298 
5921	35 
5922	212 
5923	57 
5924	261 
5925	281 
5926	280 
5927	79 
5928	128 
5929	143 
5930	273 
5931	30 
5932	51 
5933	212 
5934	99 
5935	195 
5936	60 
5937	297 
5938	257 
5939	2 
5940	92 
5941	123 
5942	83 
5943	98 
5944	179 
5945	298 
5946	223 
5947	174 
5948	101 
5949	158 
5950	82 
5951	127 
5952	259 
5953	109 
5954	15 
5955	10 
5956	3 
5957	237 
5958	303 
5959	183 
5960	184 
5961	88 
5962	257 
5963	126 
5964	174 
5965	209 
5966	165 
5967	3 
5968	5 
5969	128 
5970	238 
5971	125 
5972	167 
5973	173 
5974	142 
5975	61 
5976	68 
5977	29 
5978	174 
5979	258 
5980	44 
5981	119 
5982	59 
5983	187 
5984	230 
5985	142 
5986	274 
5987	202 
5988	257 
5989	94 
5990	82 
5991	223 
5992	272 
5993	117 
5994	155 
5995	73 
5996	61 
5997	36 
5998	279 
5999	95 
6000	271 
6001	244 
6002	265 
6003	306 
6004	27 
6005	160 
6006	194 
6007	152 
6008	140 
6009	233 
6010	85 
6011	265 
6012	215 
6013	218 
6014	187 
6015	4 
6016	93 
6017	87 
6018	35 
6019	226 
6020	131 
6021	139 
6022	110 
6023	203 
6024	266 
6025	15 
6026	35 
6027	106 
6028	261 
6029	64 
6030	67 
6031	65 
6032	56 
6033	91 
6034	52 
6035	160 
6036	56 
6037	9 
6038	306 
6039	143 
6040	141 
6041	11 
6042	259 
6043	85 
6044	221 
6045	290 
6046	207 
6047	135 
6048	141 
6049	225 
6050	261 
6051	243 
6052	210 
6053	124 
6054	52 
6055	135 
6056	218 
6057	11 
6058	153 
6059	23 
6060	79 
6061	70 
6062	149 
6063	240 
6064	224 
6065	104 
6066	211 
6067	43 
6068	31 
6069	287 
6070	141 
6071	217 
6072	73 
6073	15 
6074	45 
6075	6 
6076	155 
6077	245 
6078	49 
6079	234 
6080	11 
6081	142 
6082	142 
6083	15 
6084	235 
6085	277 
6086	296 
6087	4 
6088	35 
6089	291 
6090	3 
6091	59 
6092	184 
6093	182 
6094	247 
6095	240 
6096	144 
6097	174 
6098	149 
6099	95 
6100	84 
6101	12 
6102	161 
6103	185 
6104	238 
6105	171 
6106	29 
6107	127 
6108	203 
6109	234 
6110	220 
6111	138 
6112	204 
6113	12 
6114	187 
6115	220 
6116	159 
6117	237 
6118	131 
6119	210 
6120	191 
6121	289 
6122	124 
6123	114 
6124	191 
6125	149 
6126	102 
6127	275 
6128	133 
6129	125 
6130	252 
6131	230 
6132	188 
6133	70 
6134	5 
6135	7 
6136	140 
6137	295 
6138	185 
6139	278 
6140	23 
6141	51 
6142	306 
6143	305 
6144	89 
6145	156 
6146	102 
6147	197 
6148	67 
6149	47 
6150	101 
6151	172 
6152	53 
6153	218 
6154	270 
6155	118 
6156	272 
6157	33 
6158	306 
6159	2 
6160	219 
6161	187 
6162	197 
6163	115 
6164	89 
6165	269 
6166	225 
6167	138 
6168	86 
6169	22 
6170	298 
6171	43 
6172	290 
6173	205 
6174	32 
6175	92 
6176	41 
6177	157 
6178	63 
6179	117 
6180	214 
6181	135 
6182	191 
6183	40 
6184	46 
6185	241 
6186	270 
6187	283 
6188	118 
6189	33 
6190	39 
6191	138 
6192	79 
6193	103 
6194	146 
6195	224 
6196	18 
6197	132 
6198	66 
6199	291 
6200	239 
6201	35 
6202	166 
6203	86 
6204	52 
6205	122 
6206	184 
6207	82 
6208	259 
6209	98 
6210	243 
6211	93 
6212	145 
6213	131 
6214	165 
6215	273 
6216	180 
6217	84 
6218	129 
6219	222 
6220	296 
6221	52 
6222	127 
6223	228 
6224	112 
6225	11 
6226	96 
6227	178 
6228	142 
6229	169 
6230	246 
6231	209 
6232	230 
6233	302 
6234	108 
6235	67 
6236	260 
6237	134 
6238	242 
6239	45 
6240	187 
6241	24 
6242	275 
6243	91 
6244	158 
6245	41 
6246	209 
6247	17 
6248	35 
6249	170 
6250	18 
6251	273 
6252	54 
6253	126 
6254	240 
6255	124 
6256	88 
6257	291 
6258	247 
6259	48 
6260	255 
6261	84 
6262	301 
6263	202 
6264	300 
6265	88 
6266	129 
6267	292 
6268	220 
6269	171 
6270	160 
6271	268 
6272	123 
6273	18 
6274	95 
6275	90 
6276	166 
6277	157 
6278	182 
6279	37 
6280	187 
6281	288 
6282	205 
6283	237 
6284	141 
6285	171 
6286	88 
6287	173 
6288	303 
6289	232 
6290	65 
6291	264 
6292	75 
6293	153 
6294	115 
6295	12 
6296	95 
6297	141 
6298	84 
6299	86 
6300	162 
6301	219 
6302	307 
6303	264 
6304	143 
6305	56 
6306	227 
6307	31 
6308	165 
6309	106 
6310	22 
6311	285 
6312	123 
6313	156 
6314	258 
6315	275 
6316	40 
6317	247 
6318	188 
6319	175 
6320	129 
6321	247 
6322	51 
6323	113 
6324	57 
6325	82 
6326	21 
6327	41 
6328	130 
6329	29 
6330	241 
6331	267 
6332	187 
6333	91 
6334	104 
6335	11 
6336	8 
6337	306 
6338	283 
6339	80 
6340	260 
6341	206 
6342	255 
6343	261 
6344	6 
6345	134 
6346	210 
6347	245 
6348	134 
6349	87 
6350	266 
6351	121 
6352	217 
6353	280 
6354	21 
6355	232 
6356	37 
6357	100 
6358	256 
6359	67 
6360	42 
6361	248 
6362	222 
6363	80 
6364	42 
6365	174 
6366	17 
6367	268 
6368	142 
6369	97 
6370	16 
6371	198 
6372	176 
6373	5 
6374	119 
6375	161 
6376	31 
6377	130 
6378	166 
6379	199 
6380	68 
6381	38 
6382	265 
6383	74 
6384	300 
6385	116 
6386	67 
6387	296 
6388	199 
6389	168 
6390	58 
6391	71 
6392	206 
6393	8 
6394	44 
6395	107 
6396	65 
6397	237 
6398	6 
6399	15 
6400	242 
6401	67 
6402	187 
6403	169 
6404	71 
6405	253 
6406	106 
6407	81 
6408	301 
6409	162 
6410	241 
6411	100 
6412	59 
6413	8 
6414	136 
6415	70 
6416	150 
6417	168 
6418	178 
6419	146 
6420	110 
6421	159 
6422	169 
6423	191 
6424	244 
6425	233 
6426	61 
6427	258 
6428	204 
6429	145 
6430	111 
6431	125 
6432	202 
6433	250 
6434	148 
6435	74 
6436	15 
6437	241 
6438	233 
6439	242 
6440	102 
6441	87 
6442	218 
6443	114 
6444	207 
6445	200 
6446	272 
6447	70 
6448	277 
6449	86 
6450	151 
6451	186 
6452	153 
6453	216 
6454	218 
6455	240 
6456	3 
6457	188 
6458	68 
6459	28 
6460	186 
6461	301 
6462	55 
6463	29 
6464	247 
6465	54 
6466	115 
6467	270 
6468	250 
6469	4 
6470	35 
6471	10 
6472	74 
6473	307 
6474	238 
6475	247 
6476	250 
6477	215 
6478	20 
6479	103 
6480	29 
6481	98 
6482	7 
6483	248 
6484	184 
6485	3 
6486	43 
6487	291 
6488	204 
6489	154 
6490	245 
6491	185 
6492	164 
6493	119 
6494	260 
6495	22 
6496	122 
6497	241 
6498	282 
6499	67 
6500	67 
6501	16 
6502	75 
6503	292 
6504	204 
6505	121 
6506	94 
6507	66 
6508	190 
6509	213 
6510	7 
6511	306 
6512	238 
6513	126 
6514	48 
6515	212 
6516	242 
6517	19 
6518	254 
6519	268 
6520	162 
6521	121 
6522	160 
6523	84 
6524	69 
6525	80 
6526	267 
6527	266 
6528	213 
6529	153 
6530	32 
6531	198 
6532	24 
6533	96 
6534	295 
6535	50 
6536	25 
6537	203 
6538	89 
6539	150 
6540	253 
6541	295 
6542	252 
6543	213 
6544	55 
6545	70 
6546	292 
6547	111 
6548	167 
6549	303 
6550	30 
6551	163 
6552	134 
6553	240 
6554	18 
6555	5 
6556	94 
6557	155 
6558	188 
6559	265 
6560	226 
6561	226 
6562	47 
6563	198 
6564	186 
6565	276 
6566	170 
6567	260 
6568	50 
6569	184 
6570	26 
6571	124 
6572	27 
6573	275 
6574	225 
6575	173 
6576	67 
6577	39 
6578	182 
6579	86 
6580	26 
6581	3 
6582	118 
6583	9 
6584	221 
6585	124 
6586	81 
6587	279 
6588	132 
6589	59 
6590	246 
6591	236 
6592	71 
6593	131 
6594	239 
6595	205 
6596	200 
6597	150 
6598	202 
6599	200 
6600	163 
6601	87 
6602	174 
6603	46 
6604	92 
6605	203 
6606	78 
6607	238 
6608	167 
6609	272 
6610	304 
6611	58 
6612	161 
6613	260 
6614	148 
6615	133 
6616	53 
6617	67 
6618	105 
6619	84 
6620	59 
6621	24 
6622	200 
6623	206 
6624	65 
6625	286 
6626	125 
6627	163 
6628	198 
6629	27 
6630	40 
6631	203 
6632	96 
6633	294 
6634	51 
6635	235 
6636	75 
6637	230 
6638	283 
6639	269 
6640	283 
6641	109 
6642	26 
6643	134 
6644	27 
6645	8 
6646	286 
6647	91 
6648	55 
6649	236 
6650	66 
6651	143 
6652	7 
6653	34 
6654	265 
6655	20 
6656	25 
6657	48 
6658	270 
6659	195 
6660	4 
6661	294 
6662	252 
6663	99 
6664	294 
6665	105 
6666	295 
6667	292 
6668	167 
6669	57 
6670	96 
6671	242 
6672	53 
6673	298 
6674	146 
6675	78 
6676	58 
6677	305 
6678	300 
6679	248 
6680	171 
6681	26 
6682	69 
6683	16 
6684	52 
6685	160 
6686	252 
6687	197 
6688	27 
6689	72 
6690	297 
6691	140 
6692	88 
6693	13 
6694	16 
6695	301 
6696	211 
6697	215 
6698	115 
6699	237 
6700	298 
6701	81 
6702	257 
6703	229 
6704	116 
6705	158 
6706	76 
6707	220 
6708	126 
6709	193 
6710	177 
6711	240 
6712	53 
6713	35 
6714	42 
6715	71 
6716	55 
6717	252 
6718	39 
6719	130 
6720	57 
6721	10 
6722	173 
6723	200 
6724	81 
6725	54 
6726	14 
6727	26 
6728	252 
6729	262 
6730	153 
6731	10 
6732	190 
6733	224 
6734	31 
6735	298 
6736	218 
6737	138 
6738	105 
6739	249 
6740	154 
6741	94 
6742	214 
6743	230 
6744	90 
6745	77 
6746	108 
6747	221 
6748	54 
6749	71 
6750	240 
6751	152 
6752	96 
6753	61 
6754	145 
6755	174 
6756	77 
6757	98 
6758	120 
6759	158 
6760	278 
6761	204 
6762	74 
6763	191 
6764	29 
6765	4 
6766	57 
6767	114 
6768	37 
6769	187 
6770	34 
6771	192 
6772	276 
6773	61 
6774	81 
6775	150 
6776	209 
6777	117 
6778	3 
6779	71 
6780	102 
6781	231 
6782	196 
6783	231 
6784	101 
6785	284 
6786	61 
6787	239 
6788	133 
6789	81 
6790	35 
6791	24 
6792	281 
6793	116 
6794	10 
6795	165 
6796	289 
6797	296 
6798	101 
6799	222 
6800	74 
6801	73 
6802	286 
6803	31 
6804	218 
6805	32 
6806	148 
6807	305 
6808	58 
6809	134 
6810	223 
6811	299 
6812	297 
6813	213 
6814	181 
6815	174 
6816	47 
6817	131 
6818	28 
6819	253 
6820	144 
6821	147 
6822	280 
6823	213 
6824	296 
6825	225 
6826	273 
6827	185 
6828	274 
6829	234 
6830	7 
6831	247 
6832	262 
6833	45 
6834	180 
6835	15 
6836	11 
6837	193 
6838	46 
6839	202 
6840	14 
6841	141 
6842	273 
6843	145 
6844	171 
6845	19 
6846	226 
6847	230 
6848	235 
6849	236 
6850	128 
6851	21 
6852	236 
6853	256 
6854	63 
6855	229 
6856	55 
6857	135 
6858	284 
6859	285 
6860	81 
6861	99 
6862	15 
6863	96 
6864	12 
6865	249 
6866	16 
6867	31 
6868	263 
6869	284 
6870	278 
6871	212 
6872	194 
6873	118 
6874	22 
6875	156 
6876	292 
6877	139 
6878	119 
6879	218 
6880	164 
6881	236 
6882	89 
6883	278 
6884	222 
6885	225 
6886	187 
6887	259 
6888	16 
6889	233 
6890	25 
6891	281 
6892	219 
6893	259 
6894	178 
6895	168 
6896	165 
6897	55 
6898	41 
6899	74 
6900	28 
6901	76 
6902	129 
6903	169 
6904	209 
6905	172 
6906	146 
6907	92 
6908	163 
6909	69 
6910	27 
6911	21 
6912	288 
6913	26 
6914	243 
6915	107 
6916	63 
6917	53 
6918	245 
6919	119 
6920	47 
6921	142 
6922	55 
6923	282 
6924	57 
6925	177 
6926	192 
6927	64 
6928	250 
6929	253 
6930	232 
6931	99 
6932	257 
6933	201 
6934	72 
6935	9 
6936	167 
6937	28 
6938	263 
6939	122 
6940	261 
6941	227 
6942	128 
6943	277 
6944	192 
6945	266 
6946	13 
6947	39 
6948	197 
6949	120 
6950	130 
6951	10 
6952	202 
6953	17 
6954	143 
6955	1 
6956	5 
6957	51 
6958	268 
6959	103 
6960	143 
6961	189 
6962	123 
6963	223 
6964	97 
6965	69 
6966	124 
6967	115 
6968	57 
6969	281 
6970	193 
6971	193 
6972	67 
6973	177 
6974	296 
6975	228 
6976	110 
6977	125 
6978	68 
6979	73 
6980	206 
6981	72 
6982	217 
6983	172 
6984	247 
6985	116 
6986	37 
6987	166 
6988	240 
6989	206 
6990	104 
6991	194 
6992	283 
6993	260 
6994	280 
6995	300 
6996	93 
6997	287 
6998	128 
6999	244 
7000	78 
7001	201 
7002	257 
7003	202 
7004	270 
7005	118 
7006	226 
7007	99 
7008	41 
7009	35 
7010	239 
7011	292 
7012	140 
7013	241 
7014	262 
7015	63 
7016	202 
7017	53 
7018	206 
7019	77 
7020	70 
7021	33 
7022	38 
7023	145 
7024	32 
7025	184 
7026	181 
7027	75 
7028	100 
7029	256 
7030	192 
7031	84 
7032	180 
7033	106 
7034	255 
7035	97 
7036	274 
7037	274 
7038	285 
7039	118 
7040	115 
7041	138 
7042	253 
7043	186 
7044	18 
7045	198 
7046	46 
7047	123 
7048	25 
7049	135 
7050	123 
7051	30 
7052	96 
7053	295 
7054	149 
7055	293 
7056	290 
7057	69 
7058	216 
7059	242 
7060	92 
7061	89 
7062	119 
7063	139 
7064	285 
7065	45 
7066	122 
7067	3 
7068	165 
7069	213 
7070	140 
7071	101 
7072	60 
7073	142 
7074	303 
7075	297 
7076	58 
7077	201 
7078	19 
7079	257 
7080	200 
7081	256 
7082	51 
7083	76 
7084	196 
7085	204 
7086	267 
7087	248 
7088	241 
7089	2 
7090	127 
7091	223 
7092	165 
7093	109 
7094	82 
7095	142 
7096	235 
7097	132 
7098	199 
7099	2 
7100	110 
7101	61 
7102	111 
7103	233 
7104	227 
7105	188 
7106	121 
7107	265 
7108	240 
7109	128 
7110	300 
7111	216 
7112	76 
7113	42 
7114	69 
7115	15 
7116	66 
7117	230 
7118	223 
7119	167 
7120	37 
7121	290 
7122	154 
7123	284 
7124	72 
7125	168 
7126	156 
7127	5 
7128	247 
7129	213 
7130	108 
7131	212 
7132	49 
7133	285 
7134	104 
7135	23 
7136	249 
7137	230 
7138	136 
7139	249 
7140	94 
7141	118 
7142	261 
7143	194 
7144	302 
7145	267 
7146	258 
7147	213 
7148	26 
7149	56 
7150	227 
7151	179 
7152	138 
7153	48 
7154	104 
7155	240 
7156	2 
7157	31 
7158	120 
7159	257 
7160	248 
7161	120 
7162	267 
7163	130 
7164	220 
7165	41 
7166	285 
7167	214 
7168	239 
7169	56 
7170	294 
7171	258 
7172	16 
7173	125 
7174	178 
7175	98 
7176	159 
7177	250 
7178	171 
7179	47 
7180	148 
7181	253 
7182	280 
7183	121 
7184	199 
7185	145 
7186	231 
7187	229 
7188	173 
7189	58 
7190	196 
7191	46 
7192	4 
7193	169 
7194	207 
7195	142 
7196	62 
7197	95 
7198	242 
7199	197 
7200	295 
7201	8 
7202	152 
7203	155 
7204	205 
7205	283 
7206	195 
7207	13 
7208	178 
7209	150 
7210	160 
7211	271 
7212	69 
7213	102 
7214	270 
7215	119 
7216	233 
7217	213 
7218	69 
7219	133 
7220	54 
7221	289 
7222	162 
7223	251 
7224	224 
7225	90 
7226	164 
7227	228 
7228	72 
7229	29 
7230	273 
7231	134 
7232	7 
7233	189 
7234	52 
7235	163 
7236	278 
7237	193 
7238	110 
7239	66 
7240	78 
7241	248 
7242	293 
7243	205 
7244	144 
7245	31 
7246	210 
7247	146 
7248	102 
7249	72 
7250	50 
7251	306 
7252	126 
7253	281 
7254	166 
7255	44 
7256	151 
7257	204 
7258	10 
7259	281 
7260	285 
7261	132 
7262	6 
7263	282 
7264	134 
7265	65 
7266	186 
7267	163 
7268	39 
7269	192 
7270	52 
7271	238 
7272	64 
7273	47 
7274	224 
7275	106 
7276	54 
7277	192 
7278	72 
7279	171 
7280	159 
7281	190 
7282	224 
7283	288 
7284	252 
7285	255 
7286	143 
7287	49 
7288	109 
7289	103 
7290	116 
7291	171 
7292	201 
7293	48 
7294	186 
7295	10 
7296	157 
7297	167 
7298	278 
7299	102 
7300	294 
7301	208 
7302	198 
7303	173 
7304	299 
7305	100 
7306	136 
7307	272 
7308	73 
7309	102 
7310	20 
7311	258 
7312	200 
7313	7 
7314	295 
7315	247 
7316	57 
7317	186 
7318	248 
7319	153 
7320	231 
7321	102 
7322	122 
7323	29 
7324	7 
7325	278 
7326	306 
7327	236 
7328	186 
7329	23 
7330	240 
7331	281 
7332	84 
7333	224 
7334	174 
7335	264 
7336	34 
7337	197 
7338	45 
7339	209 
7340	40 
7341	82 
7342	247 
7343	48 
7344	273 
7345	173 
7346	48 
7347	147 
7348	298 
7349	181 
7350	250 
7351	8 
7352	42 
7353	232 
7354	195 
7355	282 
7356	296 
7357	86 
7358	306 
7359	261 
7360	53 
7361	181 
7362	226 
7363	70 
7364	114 
7365	243 
7366	238 
7367	206 
7368	173 
7369	283 
7370	161 
7371	84 
7372	163 
7373	194 
7374	305 
7375	201 
7376	7 
7377	32 
7378	197 
7379	152 
7380	272 
7381	200 
7382	281 
7383	237 
7384	282 
7385	260 
7386	295 
7387	238 
7388	292 
7389	236 
7390	241 
7391	38 
7392	297 
7393	144 
7394	288 
7395	206 
7396	10 
7397	153 
7398	167 
7399	32 
7400	87 
7401	159 
7402	133 
7403	216 
7404	248 
7405	286 
7406	292 
7407	26 
7408	21 
7409	26 
7410	68 
7411	282 
7412	225 
7413	95 
7414	40 
7415	188 
7416	258 
7417	214 
7418	259 
7419	199 
7420	188 
7421	232 
7422	43 
7423	214 
7424	215 
7425	95 
7426	38 
7427	286 
7428	305 
7429	59 
7430	156 
7431	76 
7432	115 
7433	37 
7434	47 
7435	66 
7436	285 
7437	121 
7438	64 
7439	123 
7440	293 
7441	33 
7442	305 
7443	6 
7444	69 
7445	119 
7446	130 
7447	210 
7448	195 
7449	274 
7450	285 
7451	194 
7452	40 
7453	207 
7454	95 
7455	39 
7456	132 
7457	198 
7458	218 
7459	261 
7460	25 
7461	96 
7462	234 
7463	91 
7464	76 
7465	34 
7466	226 
7467	303 
7468	62 
7469	200 
7470	190 
7471	22 
7472	276 
7473	267 
7474	294 
7475	221 
7476	19 
7477	133 
7478	222 
7479	76 
7480	231 
7481	246 
7482	34 
7483	78 
7484	229 
7485	257 
7486	169 
7487	86 
7488	138 
7489	255 
7490	252 
7491	28 
7492	143 
7493	1 
7494	163 
7495	76 
7496	64 
7497	257 
7498	110 
7499	54 
7500	202 
7501	9 
7502	65 
7503	107 
7504	184 
7505	123 
7506	214 
7507	56 
7508	79 
7509	79 
7510	143 
7511	287 
7512	305 
7513	276 
7514	126 
7515	205 
7516	278 
7517	304 
7518	86 
7519	67 
7520	295 
7521	40 
7522	32 
7523	195 
7524	234 
7525	159 
7526	209 
7527	231 
7528	267 
7529	276 
7530	75 
7531	2 
7532	6 
7533	89 
7534	36 
7535	241 
7536	135 
7537	235 
7538	4 
7539	172 
7540	249 
7541	179 
7542	130 
7543	81 
7544	117 
7545	196 
7546	150 
7547	85 
7548	261 
7549	64 
7550	231 
7551	31 
7552	75 
7553	31 
7554	62 
7555	304 
7556	61 
7557	50 
7558	292 
7559	82 
7560	183 
7561	98 
7562	201 
7563	142 
7564	197 
7565	286 
7566	123 
7567	23 
7568	181 
7569	8 
7570	192 
7571	179 
7572	304 
7573	166 
7574	44 
7575	299 
7576	5 
7577	101 
7578	53 
7579	211 
7580	276 
7581	39 
7582	285 
7583	271 
7584	108 
7585	275 
7586	39 
7587	200 
7588	200 
7589	236 
7590	229 
7591	117 
7592	153 
7593	63 
7594	206 
7595	60 
7596	96 
7597	260 
7598	242 
7599	220 
7600	236 
7601	94 
7602	51 
7603	19 
7604	234 
7605	280 
7606	145 
7607	297 
7608	42 
7609	246 
7610	228 
7611	264 
7612	274 
7613	104 
7614	66 
7615	117 
7616	119 
7617	129 
7618	186 
7619	32 
7620	27 
7621	158 
7622	115 
7623	152 
7624	271 
7625	256 
7626	50 
7627	159 
7628	75 
7629	303 
7630	215 
7631	206 
7632	94 
7633	91 
7634	76 
7635	287 
7636	228 
7637	263 
7638	237 
7639	89 
7640	61 
7641	62 
7642	247 
7643	150 
7644	42 
7645	200 
7646	5 
7647	57 
7648	95 
7649	163 
7650	296 
7651	60 
7652	35 
7653	106 
7654	276 
7655	225 
7656	75 
7657	24 
7658	14 
7659	279 
7660	110 
7661	283 
7662	290 
7663	251 
7664	132 
7665	40 
7666	247 
7667	201 
7668	290 
7669	126 
7670	180 
7671	223 
7672	296 
7673	237 
7674	284 
7675	19 
7676	70 
7677	90 
7678	228 
7679	102 
7680	9 
7681	118 
7682	102 
7683	222 
7684	132 
7685	131 
7686	165 
7687	217 
7688	164 
7689	113 
7690	102 
7691	88 
7692	237 
7693	286 
7694	15 
7695	69 
7696	97 
7697	229 
7698	9 
7699	243 
7700	94 
7701	252 
7702	258 
7703	228 
7704	41 
7705	177 
7706	181 
7707	212 
7708	254 
7709	243 
7710	81 
7711	29 
7712	282 
7713	134 
7714	154 
7715	139 
7716	271 
7717	267 
7718	2 
7719	38 
7720	149 
7721	115 
7722	261 
7723	158 
7724	56 
7725	225 
7726	82 
7727	99 
7728	295 
7729	11 
7730	49 
7731	91 
7732	109 
7733	189 
7734	12 
7735	56 
7736	110 
7737	117 
7738	141 
7739	32 
7740	109 
7741	242 
7742	189 
7743	275 
7744	288 
7745	107 
7746	119 
7747	79 
7748	131 
7749	183 
7750	183 
7751	212 
7752	236 
7753	41 
7754	198 
7755	141 
7756	183 
7757	156 
7758	176 
7759	191 
7760	3 
7761	155 
7762	181 
7763	183 
7764	304 
7765	110 
7766	270 
7767	33 
7768	89 
7769	69 
7770	214 
7771	154 
7772	247 
7773	244 
7774	83 
7775	56 
7776	305 
7777	69 
7778	43 
7779	16 
7780	136 
7781	48 
7782	283 
7783	181 
7784	224 
7785	217 
7786	159 
7787	217 
7788	196 
7789	36 
7790	205 
7791	183 
7792	194 
7793	61 
7794	93 
7795	170 
7796	304 
7797	51 
7798	57 
7799	245 
7800	42 
7801	227 
7802	71 
7803	57 
7804	204 
7805	80 
7806	134 
7807	262 
7808	174 
7809	202 
7810	36 
7811	156 
7812	302 
7813	116 
7814	6 
7815	218 
7816	303 
7817	43 
7818	110 
7819	38 
7820	225 
7821	176 
7822	240 
7823	220 
7824	144 
7825	139 
7826	77 
7827	256 
7828	178 
7829	20 
7830	260 
7831	198 
7832	147 
7833	265 
7834	172 
7835	58 
7836	195 
7837	176 
7838	102 
7839	75 
7840	58 
7841	46 
7842	304 
7843	116 
7844	138 
7845	34 
7846	265 
7847	296 
7848	93 
7849	150 
7850	41 
7851	280 
7852	269 
7853	225 
7854	106 
7855	268 
7856	39 
7857	47 
7858	189 
7859	174 
7860	210 
7861	85 
7862	146 
7863	73 
7864	91 
7865	133 
7866	265 
7867	131 
7868	200 
7869	31 
7870	48 
7871	239 
7872	288 
7873	133 
7874	140 
7875	122 
7876	257 
7877	206 
7878	54 
7879	267 
7880	85 
7881	29 
7882	152 
7883	99 
7884	76 
7885	67 
7886	76 
7887	144 
7888	126 
7889	55 
7890	117 
7891	61 
7892	188 
7893	113 
7894	201 
7895	207 
7896	213 
7897	191 
7898	110 
7899	83 
7900	119 
7901	262 
7902	193 
7903	198 
7904	280 
7905	34 
7906	257 
7907	49 
7908	49 
7909	263 
7910	104 
7911	148 
7912	180 
7913	99 
7914	171 
7915	256 
7916	47 
7917	197 
7918	284 
7919	137 
7920	244 
7921	232 
7922	11 
7923	74 
7924	70 
7925	304 
7926	246 
7927	7 
7928	192 
7929	140 
7930	53 
7931	73 
7932	289 
7933	89 
7934	40 
7935	21 
7936	184 
7937	170 
7938	264 
7939	34 
7940	264 
7941	1 
7942	227 
7943	138 
7944	237 
7945	306 
7946	109 
7947	191 
7948	36 
7949	151 
7950	163 
7951	263 
7952	291 
7953	200 
7954	204 
7955	157 
7956	100 
7957	251 
7958	222 
7959	225 
7960	32 
7961	29 
7962	113 
7963	28 
7964	171 
7965	45 
7966	85 
7967	261 
7968	165 
7969	242 
7970	150 
7971	12 
7972	287 
7973	83 
7974	44 
7975	238 
7976	78 
7977	151 
7978	2 
7979	272 
7980	85 
7981	200 
7982	62 
7983	134 
7984	259 
7985	273 
7986	260 
7987	171 
7988	224 
7989	205 
7990	21 
7991	87 
7992	195 
7993	282 
7994	56 
7995	233 
7996	92 
7997	48 
7998	14 
7999	45 
8000	252 
8001	255 
8002	26 
8003	204 
8004	219 
8005	147 
8006	195 
8007	268 
8008	61 
8009	49 
8010	25 
8011	273 
8012	10 
8013	35 
8014	279 
8015	285 
8016	119 
8017	65 
8018	206 
8019	19 
8020	166 
8021	290 
8022	121 
8023	70 
8024	8 
8025	133 
8026	34 
8027	197 
8028	6 
8029	173 
8030	147 
8031	208 
8032	260 
8033	17 
8034	263 
8035	182 
8036	215 
8037	145 
8038	147 
8039	47 
8040	70 
8041	19 
8042	214 
8043	22 
8044	40 
8045	205 
8046	299 
8047	69 
8048	70 
8049	47 
8050	225 
8051	204 
8052	173 
8053	244 
8054	184 
8055	290 
8056	274 
8057	198 
8058	214 
8059	20 
8060	294 
8061	81 
8062	288 
8063	228 
8064	30 
8065	169 
8066	171 
8067	191 
8068	8 
8069	16 
8070	149 
8071	50 
8072	32 
8073	226 
8074	210 
8075	224 
8076	173 
8077	226 
8078	242 
8079	162 
8080	138 
8081	61 
8082	213 
8083	205 
8084	130 
8085	3 
8086	18 
8087	98 
8088	254 
8089	2 
8090	103 
8091	101 
8092	245 
8093	121 
8094	218 
8095	278 
8096	87 
8097	190 
8098	88 
8099	137 
8100	226 
8101	123 
8102	55 
8103	70 
8104	84 
8105	110 
8106	146 
8107	205 
8108	236 
8109	276 
8110	230 
8111	59 
8112	160 
8113	121 
8114	123 
8115	219 
8116	178 
8117	232 
8118	70 
8119	165 
8120	259 
8121	55 
8122	54 
8123	65 
8124	178 
8125	299 
8126	206 
8127	171 
8128	52 
8129	87 
8130	158 
8131	183 
8132	38 
8133	251 
8134	122 
8135	32 
8136	96 
8137	88 
8138	287 
8139	279 
8140	224 
8141	184 
8142	131 
8143	227 
8144	187 
8145	274 
8146	238 
8147	10 
8148	18 
8149	200 
8150	289 
8151	228 
8152	302 
8153	126 
8154	146 
8155	118 
8156	23 
8157	236 
8158	101 
8159	109 
8160	275 
8161	16 
8162	123 
8163	255 
8164	14 
8165	152 
8166	198 
8167	99 
8168	283 
8169	141 
8170	66 
8171	6 
8172	9 
8173	165 
8174	285 
8175	296 
8176	2 
8177	217 
8178	204 
8179	68 
8180	50 
8181	94 
8182	26 
8183	253 
8184	177 
8185	9 
8186	73 
8187	217 
8188	39 
8189	6 
8190	270 
8191	17 
8192	240 
8193	215 
8194	204 
8195	152 
8196	5 
8197	58 
8198	104 
8199	17 
8200	69 
8201	230 
8202	113 
8203	282 
8204	275 
8205	239 
8206	166 
8207	133 
8208	220 
8209	36 
8210	33 
8211	14 
8212	250 
8213	204 
8214	297 
8215	28 
8216	273 
8217	100 
8218	216 
8219	7 
8220	145 
8221	68 
8222	81 
8223	268 
8224	70 
8225	19 
8226	96 
8227	100 
8228	256 
8229	163 
8230	74 
8231	37 
8232	39 
8233	65 
8234	49 
8235	125 
8236	142 
8237	245 
8238	10 
8239	21 
8240	33 
8241	124 
8242	141 
8243	179 
8244	81 
8245	230 
8246	200 
8247	126 
8248	186 
8249	173 
8250	52 
8251	138 
8252	7 
8253	62 
8254	242 
8255	256 
8256	254 
8257	258 
8258	174 
8259	253 
8260	46 
8261	164 
8262	265 
8263	217 
8264	88 
8265	215 
8266	99 
8267	241 
8268	287 
8269	183 
8270	272 
8271	200 
8272	113 
8273	223 
8274	6 
8275	250 
8276	275 
8277	263 
8278	175 
8279	49 
8280	77 
8281	219 
8282	183 
8283	297 
8284	184 
8285	23 
8286	122 
8287	294 
8288	283 
8289	145 
8290	94 
8291	144 
8292	210 
8293	303 
8294	228 
8295	22 
8296	18 
8297	296 
8298	188 
8299	271 
8300	56 
8301	36 
8302	92 
8303	131 
8304	175 
8305	201 
8306	211 
8307	85 
8308	104 
8309	280 
8310	101 
8311	242 
8312	73 
8313	198 
8314	273 
8315	68 
8316	214 
8317	80 
8318	26 
8319	77 
8320	146 
8321	119 
8322	282 
8323	257 
8324	269 
8325	100 
8326	49 
8327	28 
8328	12 
8329	184 
8330	202 
8331	66 
8332	275 
8333	18 
8334	145 
8335	128 
8336	58 
8337	126 
8338	241 
8339	276 
8340	143 
8341	178 
8342	95 
8343	193 
8344	231 
8345	182 
8346	224 
8347	183 
8348	39 
8349	21 
8350	130 
8351	32 
8352	248 
8353	42 
8354	188 
8355	61 
8356	73 
8357	171 
8358	217 
8359	125 
8360	258 
8361	89 
8362	32 
8363	217 
8364	83 
8365	72 
8366	258 
8367	104 
8368	104 
8369	5 
8370	36 
8371	45 
8372	78 
8373	264 
8374	4 
8375	94 
8376	69 
8377	267 
8378	290 
8379	197 
8380	225 
8381	22 
8382	88 
8383	105 
8384	29 
8385	124 
8386	141 
8387	76 
8388	252 
8389	274 
8390	143 
8391	164 
8392	204 
8393	166 
8394	234 
8395	171 
8396	32 
8397	81 
8398	222 
8399	287 
8400	205 
8401	303 
8402	287 
8403	81 
8404	234 
8405	57 
8406	83 
8407	46 
8408	202 
8409	78 
8410	207 
8411	210 
8412	46 
8413	12 
8414	295 
8415	83 
8416	72 
8417	62 
8418	295 
8419	81 
8420	140 
8421	3 
8422	182 
8423	51 
8424	42 
8425	84 
8426	205 
8427	122 
8428	234 
8429	10 
8430	261 
8431	138 
8432	160 
8433	72 
8434	124 
8435	98 
8436	179 
8437	285 
8438	6 
8439	306 
8440	170 
8441	53 
8442	145 
8443	119 
8444	77 
8445	36 
8446	302 
8447	183 
8448	20 
8449	252 
8450	141 
8451	288 
8452	165 
8453	35 
8454	87 
8455	299 
8456	68 
8457	255 
8458	283 
8459	170 
8460	218 
8461	294 
8462	158 
8463	212 
8464	241 
8465	202 
8466	75 
8467	84 
8468	248 
8469	66 
8470	200 
8471	35 
8472	202 
8473	115 
8474	197 
8475	76 
8476	250 
8477	169 
8478	94 
8479	160 
8480	167 
8481	12 
8482	306 
8483	36 
8484	174 
8485	105 
8486	286 
8487	263 
8488	112 
8489	145 
8490	187 
8491	175 
8492	257 
8493	78 
8494	152 
8495	34 
8496	160 
8497	34 
8498	279 
8499	299 
8500	21 
8501	84 
8502	85 
8503	5 
8504	23 
8505	213 
8506	173 
8507	84 
8508	230 
8509	5 
8510	149 
8511	23 
8512	200 
8513	224 
8514	52 
8515	156 
8516	115 
8517	16 
8518	279 
8519	217 
8520	16 
8521	43 
8522	226 
8523	180 
8524	119 
8525	116 
8526	116 
8527	39 
8528	92 
8529	89 
8530	14 
8531	3 
8532	240 
8533	140 
8534	282 
8535	42 
8536	116 
8537	83 
8538	288 
8539	275 
8540	160 
8541	3 
8542	17 
8543	54 
8544	25 
8545	110 
8546	81 
8547	261 
8548	4 
8549	23 
8550	39 
8551	133 
8552	248 
8553	240 
8554	141 
8555	34 
8556	34 
8557	206 
8558	298 
8559	221 
8560	105 
8561	29 
8562	68 
8563	71 
8564	147 
8565	3 
8566	202 
8567	134 
8568	109 
8569	198 
8570	165 
8571	163 
8572	116 
8573	137 
8574	71 
8575	119 
8576	275 
8577	46 
8578	29 
8579	41 
8580	212 
8581	96 
8582	257 
8583	226 
8584	128 
8585	160 
8586	285 
8587	86 
8588	92 
8589	80 
8590	299 
8591	17 
8592	214 
8593	126 
8594	187 
8595	18 
8596	180 
8597	178 
8598	7 
8599	232 
8600	212 
8601	21 
8602	141 
8603	26 
8604	133 
8605	97 
8606	264 
8607	250 
8608	56 
8609	214 
8610	287 
8611	231 
8612	186 
8613	178 
8614	275 
8615	165 
8616	242 
8617	264 
8618	274 
8619	224 
8620	156 
8621	273 
8622	10 
8623	269 
8624	156 
8625	133 
8626	68 
8627	186 
8628	83 
8629	279 
8630	261 
8631	182 
8632	134 
8633	241 
8634	17 
8635	39 
8636	47 
8637	15 
8638	202 
8639	3 
8640	218 
8641	78 
8642	73 
8643	221 
8644	118 
8645	15 
8646	35 
8647	222 
8648	252 
8649	53 
8650	116 
8651	63 
8652	63 
8653	126 
8654	159 
8655	225 
8656	224 
8657	86 
8658	140 
8659	258 
8660	264 
8661	45 
8662	227 
8663	227 
8664	278 
8665	213 
8666	9 
8667	112 
8668	51 
8669	197 
8670	109 
8671	267 
8672	34 
8673	219 
8674	58 
8675	258 
8676	210 
8677	240 
8678	261 
8679	3 
8680	167 
8681	226 
8682	221 
8683	204 
8684	232 
8685	75 
8686	287 
8687	220 
8688	110 
8689	212 
8690	218 
8691	290 
8692	87 
8693	125 
8694	304 
8695	85 
8696	5 
8697	98 
8698	134 
8699	130 
8700	150 
8701	193 
8702	261 
8703	247 
8704	276 
8705	36 
8706	52 
8707	238 
8708	97 
8709	103 
8710	299 
8711	7 
8712	238 
8713	206 
8714	80 
8715	124 
8716	2 
8717	170 
8718	31 
8719	169 
8720	42 
8721	17 
8722	15 
8723	268 
8724	46 
8725	193 
8726	273 
8727	230 
8728	160 
8729	58 
8730	18 
8731	255 
8732	247 
8733	158 
8734	146 
8735	202 
8736	113 
8737	113 
8738	8 
8739	18 
8740	66 
8741	267 
8742	296 
8743	275 
8744	200 
8745	181 
8746	39 
8747	162 
8748	279 
8749	32 
8750	87 
8751	123 
8752	221 
8753	191 
8754	236 
8755	273 
8756	43 
8757	47 
8758	66 
8759	173 
8760	58 
8761	181 
8762	206 
8763	304 
8764	150 
8765	9 
8766	126 
8767	239 
8768	35 
8769	74 
8770	261 
8771	287 
8772	43 
8773	281 
8774	239 
8775	226 
8776	14 
8777	173 
8778	276 
8779	45 
8780	23 
8781	182 
8782	88 
8783	124 
8784	36 
8785	17 
8786	195 
8787	67 
8788	240 
8789	258 
8790	18 
8791	34 
8792	142 
8793	8 
8794	232 
8795	159 
8796	69 
8797	137 
8798	259 
8799	67 
8800	85 
8801	19 
8802	295 
8803	74 
8804	147 
8805	181 
8806	9 
8807	222 
8808	20 
8809	59 
8810	31 
8811	115 
8812	273 
8813	142 
8814	134 
8815	63 
8816	288 
8817	171 
8818	48 
8819	39 
8820	20 
8821	135 
8822	137 
8823	45 
8824	116 
8825	194 
8826	232 
8827	193 
8828	159 
8829	207 
8830	159 
8831	70 
8832	117 
8833	232 
8834	85 
8835	299 
8836	36 
8837	303 
8838	193 
8839	37 
8840	174 
8841	232 
8842	134 
8843	142 
8844	56 
8845	84 
8846	296 
8847	180 
8848	162 
8849	249 
8850	257 
8851	226 
8852	69 
8853	137 
8854	297 
8855	187 
8856	87 
8857	142 
8858	165 
8859	242 
8860	103 
8861	53 
8862	45 
8863	117 
8864	46 
8865	147 
8866	162 
8867	225 
8868	53 
8869	191 
8870	140 
8871	126 
8872	159 
8873	121 
8874	173 
8875	282 
8876	14 
8877	63 
8878	254 
8879	248 
8880	68 
8881	206 
8882	102 
8883	214 
8884	84 
8885	171 
8886	86 
8887	183 
8888	149 
8889	16 
8890	192 
8891	223 
8892	236 
8893	103 
8894	56 
8895	150 
8896	87 
8897	162 
8898	3 
8899	188 
8900	249 
8901	57 
8902	45 
8903	12 
8904	23 
8905	143 
8906	298 
8907	285 
8908	265 
8909	194 
8910	145 
8911	35 
8912	77 
8913	175 
8914	296 
8915	236 
8916	115 
8917	6 
8918	12 
8919	36 
8920	276 
8921	273 
8922	281 
8923	105 
8924	18 
8925	58 
8926	88 
8927	231 
8928	192 
8929	116 
8930	181 
8931	162 
8932	255 
8933	250 
8934	119 
8935	88 
8936	14 
8937	77 
8938	225 
8939	67 
8940	15 
8941	29 
8942	65 
8943	173 
8944	75 
8945	234 
8946	282 
8947	255 
8948	145 
8949	15 
8950	26 
8951	76 
8952	67 
8953	200 
8954	180 
8955	234 
8956	249 
8957	249 
8958	220 
8959	34 
8960	169 
8961	160 
8962	221 
8963	97 
8964	57 
8965	21 
8966	285 
8967	252 
8968	142 
8969	242 
8970	174 
8971	156 
8972	149 
8973	259 
8974	306 
8975	141 
8976	20 
8977	112 
8978	232 
8979	123 
8980	218 
8981	70 
8982	12 
8983	150 
8984	163 
8985	140 
8986	113 
8987	74 
8988	43 
8989	236 
8990	184 
8991	241 
8992	72 
8993	186 
8994	123 
8995	29 
8996	232 
8997	194 
8998	48 
8999	273 
9000	56 
9001	217 
9002	86 
9003	238 
9004	257 
9005	9 
9006	192 
9007	8 
9008	121 
9009	281 
9010	191 
9011	98 
9012	7 
9013	39 
9014	243 
9015	8 
9016	227 
9017	217 
9018	94 
9019	288 
9020	298 
9021	47 
9022	219 
9023	131 
9024	165 
9025	100 
9026	175 
9027	236 
9028	74 
9029	31 
9030	7 
9031	96 
9032	141 
9033	26 
9034	156 
9035	231 
9036	141 
9037	245 
9038	31 
9039	191 
9040	156 
9041	282 
9042	20 
9043	12 
9044	166 
9045	115 
9046	163 
9047	269 
9048	290 
9049	121 
9050	100 
9051	289 
9052	195 
9053	296 
9054	303 
9055	241 
9056	306 
9057	7 
9058	149 
9059	287 
9060	276 
9061	36 
9062	65 
9063	123 
9064	53 
9065	259 
9066	134 
9067	290 
9068	171 
9069	162 
9070	142 
9071	210 
9072	118 
9073	213 
9074	9 
9075	273 
9076	260 
9077	3 
9078	156 
9079	142 
9080	219 
9081	143 
9082	240 
9083	283 
9084	250 
9085	159 
9086	162 
9087	110 
9088	278 
9089	42 
9090	131 
9091	102 
9092	228 
9093	169 
9094	112 
9095	84 
9096	134 
9097	142 
9098	156 
9099	304 
9100	41 
9101	163 
9102	102 
9103	31 
9104	66 
9105	213 
9106	278 
9107	278 
9108	130 
9109	130 
9110	41 
9111	221 
9112	283 
9113	32 
9114	29 
9115	86 
9116	295 
9117	96 
9118	247 
9119	53 
9120	102 
9121	249 
9122	169 
9123	230 
9124	35 
9125	10 
9126	179 
9127	131 
9128	260 
9129	169 
9130	255 
9131	204 
9132	267 
9133	252 
9134	48 
9135	169 
9136	98 
9137	220 
9138	36 
9139	281 
9140	81 
9141	150 
9142	66 
9143	252 
9144	238 
9145	234 
9146	116 
9147	187 
9148	75 
9149	214 
9150	230 
9151	49 
9152	75 
9153	242 
9154	264 
9155	186 
9156	184 
9157	42 
9158	276 
9159	275 
9160	74 
9161	113 
9162	149 
9163	34 
9164	170 
9165	112 
9166	255 
9167	137 
9168	218 
9169	69 
9170	29 
9171	231 
9172	304 
9173	264 
9174	70 
9175	6 
9176	76 
9177	283 
9178	261 
9179	230 
9180	256 
9181	179 
9182	198 
9183	269 
9184	160 
9185	269 
9186	116 
9187	304 
9188	174 
9189	231 
9190	18 
9191	9 
9192	276 
9193	207 
9194	198 
9195	212 
9196	43 
9197	112 
9198	160 
9199	248 
9200	87 
9201	248 
9202	14 
9203	18 
9204	134 
9205	113 
9206	225 
9207	173 
9208	135 
9209	218 
9210	67 
9211	98 
9212	252 
9213	281 
9214	52 
9215	58 
9216	275 
9217	195 
9218	297 
9219	16 
9220	102 
9221	47 
9222	206 
9223	3 
9224	275 
9225	171 
9226	227 
9227	131 
9228	130 
9229	195 
9230	118 
9231	121 
9232	35 
9233	159 
9234	96 
9235	143 
9236	236 
9237	35 
9238	56 
9239	182 
9240	184 
9241	16 
9242	145 
9243	96 
9244	289 
9245	245 
9246	45 
9247	276 
9248	94 
9249	225 
9250	77 
9251	204 
9252	174 
9253	3 
9254	47 
9255	84 
9256	8 
9257	276 
9258	100 
9259	225 
9260	75 
9261	281 
9262	69 
9263	297 
9264	69 
9265	165 
9266	125 
9267	46 
9268	247 
9269	23 
9270	306 
9271	264 
9272	163 
9273	109 
9274	282 
9275	187 
9276	137 
9277	227 
9278	187 
9279	206 
9280	306 
9281	230 
9282	264 
9283	74 
9284	7 
9285	290 
9286	140 
9287	49 
9288	186 
9289	81 
9290	249 
9291	220 
9292	249 
9293	278 
9294	135 
9295	220 
9296	100 
9297	184 
9298	303 
9299	236 
9300	192 
9301	112 
9302	188 
9303	86 
9304	16 
9305	232 
9306	254 
9307	303 
9308	32 
9309	227 
9310	98 
9311	249 
9312	43 
9313	243 
9314	94 
9315	10 
9316	279 
9317	217 
9318	112 
9319	77 
9320	299 
9321	303 
9322	279 
9323	66 
9324	68 
9325	130 
9326	287 
9327	112 
9328	285 
9329	170 
9330	220 
9331	77 
9332	66 
9333	39 
9334	193 
9335	142 
9336	212 
9337	112 
9338	121 
9339	98 
9340	165 
9341	68 
9342	26 
9343	43 
9344	14 
9345	7 
9346	212 
9347	186 
9348	135 
9349	140 
9350	171 
9351	69 
9352	86 
9353	84 
9354	7 
9355	49 
9356	264 
9357	287 
9358	26 
9359	47 
9360	29 
9361	198 
9362	212 
9363	230 
9364	116 
9365	98 
9366	130 
9367	192 
9368	260 
9369	165 
9370	20 
9371	146 
9372	200 
9373	87 
9374	29 
9375	193 
9376	43 
9377	39 
9378	77 
9379	182 
9380	32 
9381	112 
9382	200 
9383	70 
9384	159 
9385	98 
9386	9 
9387	254 
9388	283 
9389	137 
9390	213 
9391	226 
9392	264 
9393	236 
9394	3 
9395	70 
9396	217 
9397	230 
9398	77 
9399	171 
9400	16 
9401	279 
9402	204 
9403	75 
9404	226 
9405	46 
9406	121 
9407	250 
9408	254 
9409	206 
9410	145 
9411	232 
9412	43 
9413	259 
9414	39 
9415	32 
9416	200 
9417	159 
9418	252 
9419	159 
9420	20 
9421	202 
9422	242 
9423	45 
9424	169 
9425	243 
9426	36 
9427	86 
9428	113 
9429	195 
9430	43 
9431	297 
9432	43 
9433	47 
9434	202 
9435	269 
9436	255 
9437	206 
9438	51 
9439	193 
9440	195 
9441	42 
9442	230 
9443	156 
9444	192 
9445	187 
9446	243 
9447	100 
9448	289 
9449	163 
9450	170 
9451	102 
9452	182 
9453	218 
9454	5 
9455	187 
9456	170 
9457	282 
9458	109 
9459	179 
9460	35 
9461	297 
9462	248 
9463	282 
9464	303 
9465	198 
9466	261 
9467	58 
9468	222 
9469	289 
9470	214 
9471	14 
9472	7 
9473	9 
9474	171 
9475	84 
9476	48 
9477	182 
9478	98 
9479	222 
9480	43 
9481	20 
9482	68 
9483	47 
9484	74 
9485	159 
9486	16 
9487	140 
9488	232 
9489	217 
9490	228 
9491	182 
9492	184 
9493	249 
9494	8 
9495	66 
9496	84 
9497	297 
9498	254 
9499	296 
9500	53 
9501	159 
9502	14 
9503	218 
9504	240 
9505	47 
9506	187 
9507	171 
9508	225 
9509	156 
9510	20 
9511	20 
9512	204 
9513	285 
9514	5 
9515	7 
9516	58 
9517	35 
9518	74 
9519	96 
9520	218 
9521	135 
9522	267 
9523	174 
9524	269 
9525	20 
9526	212 
9527	250 
9528	113 
9529	241 
9530	48 
9531	3 
9532	32 
9533	140 
9534	8 
9535	96 
9536	109 
9537	238 
9538	264 
9539	137 
9540	163 
9541	230 
9542	193 
9543	217 
9544	206 
9545	113 
9546	47 
9547	35 
9548	206 
9549	126 
9550	74 
9551	113 
9552	96 
9553	285 
9554	102 
9555	218 
9556	214 
9557	163 
9558	206 
9559	102 
9560	77 
9561	86 
9562	254 
9563	84 
9564	159 
9565	58 
9566	264 
9567	200 
9568	218 
9569	18 
9570	96 
9571	198 
9572	169 
9573	10 
9574	249 
9575	179 
9576	217 
9577	53 
9578	188 
9579	14 
9580	156 
9581	98 
9582	204 
9583	303 
9584	225 
9585	14 
9586	10 
9587	23 
9588	74 
9589	8 
9590	163 
9591	47 
9592	285 
9593	102 
9594	163 
9595	3 
9596	23 
9597	248 
9598	126 
9599	206 
9600	94 
9601	296 
9602	86 
9603	142 
9604	156 
9605	163 
9606	159 
9607	53 
9608	250 
9609	67 
9610	230 
9611	206 
9612	10 
9613	225 
9614	202 
9615	186 
9616	184 
9617	100 
9618	18 
9619	173 
9620	48 
9621	163 
9622	140 
9623	184 
9624	303 
9625	126 
9626	135 
9627	96 
9628	184 
9629	7 
9630	86 
9631	58 
9632	174 
9633	248 
9634	297 
9635	303 
9636	248 
9637	289 
9638	102 
9639	142 
9640	135 
9641	142 
9642	58 
9643	23 
9644	171 
9645	98 
9646	140 
9647	182 
9648	184 
9649	70 
9650	289 
9651	58 
9652	142 
9653	247 
9654	23 
9655	169 
9656	212 
9657	267 
9658	67 
9659	254 
9660	303 
9661	94 
9662	8 
9663	206 
9664	226 
9665	74 
9666	238 
9667	174 
9668	70 
9669	279 
9670	135 
9671	169 
9672	70 
9673	212 
9674	7 
9675	137 
9676	135 
9677	249 
9678	289 
9679	137 
9680	94 
9681	165 
9682	228 
9683	113 
9684	267 
9685	8 
9686	75 
9687	303 
9688	3 
9689	109 
9690	267 
9691	213 
9692	169 
9693	14 
9694	16 
9695	249 
9696	174 
9697	173 
9698	264 
9699	126 
9700	250 
9701	241 
9702	67 
9703	94 
9704	296 
9705	135 
9706	8 
9707	47 
9708	232 
9709	109 
9710	53 
9711	68 
9712	297 
9713	226 
9714	23 
9715	204 
9716	243 
9717	142 
9718	285 
9719	243 
9720	142 
9721	18 
9722	86 
9723	279 
9724	135 
9725	18 
9726	225 
9727	94 
9728	200 
9729	159 
9730	228 
9731	240 
9732	20 
9733	240 
9734	165 
9735	243 
9736	249 
9737	250 
9738	126 
9739	68 
9740	225 
9741	182 
9742	109 
9743	187 
9744	174 
9745	165 
9746	249 
9747	204 
9748	232 
9749	32 
9750	240 
9751	98 
9752	213 
9753	126 
9754	241 
9755	142 
9756	32 
9757	113 
9758	32 
9759	68 
9760	213 
9761	264 
9762	187 
9763	70 
9764	212 
9765	248 
9766	212 
9767	204 
9768	68 
9769	182 
9770	184 
9771	137 
9772	137 
9773	182 
9774	182 
9775	142 
9776	202 
9777	264 
9778	259 
9779	202 
9780	264 
9781	283 
9782	48 
9783	32 
9784	174 
9785	68 
9786	184 
9787	238 
9788	264 
9789	225 
9790	204 
9791	285 
9792	226 
9793	283 
9794	48 
9795	135 
9796	135 
9797	283 
9798	18 
9799	14 
9800	113 
9801	7 
9802	249 
9803	202 
9804	109 
9805	238 
9806	173 
9807	32 
9808	16 
9809	241 
9810	8 
9811	206 
9812	226 
9813	18 
9814	296 
9815	254 
9816	218 
9817	250 
9818	247 
9819	16 
9820	156 
9821	8 
9822	213 
9823	126 
9824	202 
9825	303 
9826	303 
9827	259 
9828	16 
9829	75 
9830	171 
9831	48 
9832	137 
9833	283 
9834	126 
9835	173 
9836	159 
9837	20 
9838	296 
9839	240 
9840	283 
9841	200 
9842	247 
9843	14 
9844	206 
9845	156 
9846	126 
9847	156 
9848	159 
9849	247 
9850	240 
9851	126 
9852	238 
9853	142 
9854	241 
9855	48 
9856	94 
9857	250 
9858	32 
9859	18 
9860	135 
9861	48 
9862	303 
9863	94 
9864	48 
9865	113 
9866	174 
9867	296 
9868	200 
9869	159 
9870	84 
9871	182 
9872	32 
9873	8 
9874	8 
9875	174 
9876	165 
9877	68 
9878	232 
9879	113 
9880	140 
9881	135 
9882	283 
9883	174 
9884	48 
9885	174 
9886	283 
9887	159 
9888	259 
9889	232 
9890	8 
9891	32 
9892	126 
9893	241 
9894	18 
9895	247 
9896	173 
9897	18 
9898	259 
9899	113 
9900	173 
9901	135 
9902	159 
9903	48 
9904	156 
9905	140 
9906	238 
9907	8 
9908	249 
9909	173 
9910	159 
9911	259 
9912	14 
9913	3 
9914	259 
9915	249 
9916	18 
9917	94 
9918	68 
9919	48 
9920	259 
9921	135 
9922	137 
9923	238 
9924	174 
9925	173 
9926	113 
9927	48 
9928	94 
9929	48 
9930	18 
9931	202 
9932	241 
9933	68 
9934	126 
9935	238 
9936	259 
9937	249 
9938	135 
9939	259 
9940	140 
9941	135 
9942	14 
9943	140 
9944	267 
9945	173 
9946	8 
9947	48 
9948	249 
9949	238 
9950	3 
9951	68 
9952	68 
9953	18 
9954	8 
9955	3 
9956	241 
9957	202 
9958	32 
9959	84 
9960	173 
9961	126 
9962	238 
9963	126 
9964	140 
9965	267 
9966	8 
9967	173 
9968	3 
9969	159 
9970	68 
9971	68 
9972	68 
9973	3 
9974	14 
9975	68 
9976	14 
9977	159 
9978	68 
9979	3 
9980	140 
9981	8 
9982	84 
9983	3 
9984	84 
9985	173 
9986	202 
9987	140 
9988	202 
9989	202 
9990	140 
9991	94 
9992	140 
9993	3 
9994	32 
9995	48 
9996	126 
9997	48 
9998	14 
9999	259 
10000	202 
