1	17 
2	27 
3	24 
4	4 
5	7 
6	2 
7	17 
8	8 
9	24 
10	28 
11	16 
12	19 
13	10 
14	28 
15	25 
16	25 
17	24 
18	24 
19	26 
20	13 
21	28 
22	2 
23	12 
24	5 
25	1 
26	13 
27	26 
28	21 
29	18 
30	17 
31	21 
32	15 
33	7 
34	17 
35	26 
36	8 
37	17 
38	19 
39	26 
40	18 
41	5 
42	17 
43	26 
44	23 
45	28 
46	14 
47	24 
48	15 
49	19 
50	20 
51	16 
52	18 
53	10 
54	24 
55	14 
56	18 
57	21 
58	26 
59	26 
60	14 
61	21 
62	6 
63	17 
64	18 
65	16 
66	24 
67	23 
68	25 
69	12 
70	6 
71	19 
72	28 
73	29 
74	26 
75	29 
76	19 
77	13 
78	10 
79	2 
80	7 
81	24 
82	21 
83	5 
84	14 
85	12 
86	13 
87	13 
88	27 
89	8 
90	12 
91	13 
92	5 
93	1 
94	7 
95	12 
96	13 
97	20 
98	28 
99	3 
100	29 
101	29 
102	4 
103	27 
104	20 
105	27 
106	1 
107	11 
108	13 
109	10 
110	3 
111	12 
112	4 
113	28 
114	15 
115	28 
116	8 
117	22 
118	25 
119	25 
120	10 
121	2 
122	27 
123	16 
124	13 
125	4 
126	8 
127	28 
128	17 
129	20 
130	27 
131	5 
132	10 
133	19 
134	2 
135	10 
136	4 
137	1 
138	14 
139	2 
140	15 
141	4 
142	5 
143	22 
144	13 
145	12 
146	10 
147	5 
148	17 
149	25 
150	15 
151	16 
152	18 
153	13 
154	20 
155	29 
156	13 
157	7 
158	16 
159	13 
160	17 
161	24 
162	27 
163	7 
164	2 
165	28 
166	10 
167	14 
168	29 
169	17 
170	22 
171	18 
172	18 
173	16 
174	24 
175	22 
176	14 
177	19 
178	6 
179	14 
180	23 
181	28 
182	20 
183	13 
184	25 
185	24 
186	3 
187	2 
188	29 
189	12 
190	9 
191	6 
192	4 
193	12 
194	28 
195	9 
196	15 
197	29 
198	21 
199	22 
200	16 
201	1 
202	21 
203	3 
204	21 
205	17 
206	22 
207	17 
208	19 
209	16 
210	8 
211	2 
212	29 
213	24 
214	25 
215	23 
216	16 
217	17 
218	26 
219	25 
220	15 
221	19 
222	12 
223	16 
224	17 
225	21 
226	7 
227	15 
228	7 
229	21 
230	7 
231	15 
232	16 
233	2 
234	12 
235	11 
236	25 
237	22 
238	27 
239	15 
240	21 
241	15 
242	15 
243	15 
244	11 
245	28 
246	18 
247	17 
248	27 
249	28 
250	12 
251	12 
252	24 
253	28 
254	27 
255	22 
256	1 
257	14 
258	11 
259	22 
260	17 
261	14 
262	18 
263	17 
264	14 
265	1 
266	24 
267	12 
268	15 
269	10 
270	6 
271	26 
272	5 
273	10 
274	3 
275	12 
276	26 
277	8 
278	20 
279	17 
280	14 
281	26 
282	24 
283	21 
284	2 
285	4 
286	29 
287	12 
288	25 
289	28 
290	27 
291	1 
292	27 
293	5 
294	22 
295	23 
296	22 
297	26 
298	17 
299	5 
300	24 
301	21 
302	19 
303	21 
304	21 
305	16 
306	28 
307	24 
308	10 
309	25 
310	2 
311	23 
312	4 
313	15 
314	29 
315	10 
316	10 
317	29 
318	25 
319	4 
320	29 
321	11 
322	16 
323	26 
324	18 
325	11 
326	24 
327	5 
328	11 
329	12 
330	19 
331	10 
332	21 
333	16 
334	28 
335	1 
336	21 
337	26 
338	21 
339	29 
340	9 
341	5 
342	26 
343	5 
344	23 
345	9 
346	11 
347	16 
348	10 
349	24 
350	15 
351	17 
352	4 
353	6 
354	26 
355	21 
356	2 
357	26 
358	19 
359	9 
360	22 
361	25 
362	13 
363	26 
364	23 
365	13 
366	27 
367	21 
368	19 
369	12 
370	15 
371	7 
372	26 
373	20 
374	28 
375	24 
376	18 
377	8 
378	13 
379	15 
380	22 
381	4 
382	6 
383	6 
384	13 
385	20 
386	13 
387	10 
388	24 
389	26 
390	14 
391	13 
392	7 
393	14 
394	19 
395	25 
396	13 
397	13 
398	13 
399	24 
400	10 
401	2 
402	18 
403	25 
404	6 
405	27 
406	8 
407	2 
408	20 
409	23 
410	29 
411	8 
412	20 
413	9 
414	6 
415	18 
416	4 
417	17 
418	14 
419	8 
420	6 
421	23 
422	24 
423	29 
424	8 
425	15 
426	12 
427	7 
428	15 
429	23 
430	20 
431	20 
432	19 
433	3 
434	17 
435	25 
436	18 
437	16 
438	28 
439	26 
440	24 
441	27 
442	1 
443	25 
444	25 
445	17 
446	7 
447	23 
448	2 
449	12 
450	16 
451	28 
452	21 
453	29 
454	24 
455	21 
456	24 
457	20 
458	6 
459	1 
460	27 
461	15 
462	25 
463	21 
464	17 
465	13 
466	27 
467	21 
468	26 
469	11 
470	20 
471	24 
472	24 
473	22 
474	24 
475	21 
476	24 
477	25 
478	9 
479	25 
480	13 
481	22 
482	17 
483	24 
484	23 
485	23 
486	18 
487	11 
488	2 
489	15 
490	27 
491	17 
492	15 
493	27 
494	15 
495	15 
496	21 
497	6 
498	23 
499	22 
500	7 
501	9 
502	12 
503	24 
504	22 
505	28 
506	9 
507	26 
508	19 
509	28 
510	29 
511	21 
512	27 
513	6 
514	29 
515	21 
516	25 
517	13 
518	24 
519	7 
520	16 
521	5 
522	12 
523	6 
524	25 
525	5 
526	1 
527	25 
528	2 
529	23 
530	9 
531	7 
532	28 
533	8 
534	15 
535	22 
536	5 
537	28 
538	26 
539	16 
540	3 
541	22 
542	22 
543	18 
544	10 
545	18 
546	25 
547	17 
548	23 
549	14 
550	13 
551	21 
552	8 
553	6 
554	3 
555	25 
556	14 
557	24 
558	6 
559	29 
560	13 
561	24 
562	4 
563	16 
564	28 
565	12 
566	21 
567	7 
568	8 
569	27 
570	24 
571	15 
572	26 
573	11 
574	18 
575	15 
576	7 
577	21 
578	10 
579	24 
580	12 
581	7 
582	4 
583	13 
584	12 
585	28 
586	14 
587	18 
588	29 
589	7 
590	5 
591	10 
592	21 
593	29 
594	22 
595	24 
596	15 
597	28 
598	23 
599	23 
600	2 
601	2 
602	2 
603	29 
604	5 
605	3 
606	15 
607	27 
608	15 
609	27 
610	12 
611	4 
612	7 
613	24 
614	11 
615	17 
616	13 
617	24 
618	13 
619	24 
620	17 
621	22 
622	25 
623	27 
624	4 
625	18 
626	7 
627	7 
628	22 
629	10 
630	26 
631	24 
632	6 
633	10 
634	28 
635	11 
636	18 
637	3 
638	27 
639	24 
640	7 
641	6 
642	7 
643	26 
644	17 
645	18 
646	11 
647	26 
648	18 
649	26 
650	6 
651	25 
652	25 
653	6 
654	14 
655	12 
656	19 
657	7 
658	6 
659	13 
660	18 
661	4 
662	26 
663	6 
664	4 
665	8 
666	22 
667	29 
668	13 
669	8 
670	5 
671	7 
672	15 
673	14 
674	27 
675	18 
676	22 
677	9 
678	27 
679	10 
680	16 
681	13 
682	18 
683	15 
684	2 
685	5 
686	25 
687	20 
688	16 
689	21 
690	16 
691	19 
692	14 
693	26 
694	9 
695	18 
696	22 
697	12 
698	7 
699	16 
700	11 
701	22 
702	1 
703	29 
704	5 
705	17 
706	14 
707	28 
708	27 
709	29 
710	14 
711	13 
712	22 
713	8 
714	20 
715	27 
716	17 
717	28 
718	18 
719	13 
720	15 
721	27 
722	28 
723	25 
724	4 
725	4 
726	15 
727	19 
728	25 
729	20 
730	15 
731	9 
732	18 
733	17 
734	29 
735	19 
736	22 
737	24 
738	29 
739	12 
740	27 
741	20 
742	19 
743	6 
744	25 
745	15 
746	25 
747	22 
748	3 
749	18 
750	17 
751	19 
752	22 
753	3 
754	25 
755	18 
756	27 
757	26 
758	18 
759	9 
760	14 
761	25 
762	6 
763	21 
764	18 
765	12 
766	16 
767	7 
768	23 
769	15 
770	5 
771	13 
772	7 
773	27 
774	17 
775	24 
776	28 
777	7 
778	28 
779	2 
780	7 
781	15 
782	23 
783	22 
784	10 
785	18 
786	21 
787	10 
788	21 
789	18 
790	5 
791	7 
792	18 
793	14 
794	7 
795	1 
796	12 
797	3 
798	28 
799	14 
800	21 
801	13 
802	17 
803	23 
804	6 
805	26 
806	22 
807	22 
808	21 
809	7 
810	16 
811	28 
812	20 
813	25 
814	21 
815	18 
816	17 
817	11 
818	9 
819	6 
820	18 
821	12 
822	16 
823	15 
824	15 
825	26 
826	17 
827	12 
828	25 
829	17 
830	19 
831	13 
832	16 
833	14 
834	16 
835	27 
836	16 
837	26 
838	18 
839	5 
840	2 
841	16 
842	18 
843	14 
844	10 
845	20 
846	1 
847	18 
848	10 
849	13 
850	24 
851	27 
852	6 
853	15 
854	17 
855	5 
856	9 
857	10 
858	27 
859	1 
860	18 
861	21 
862	10 
863	17 
864	21 
865	8 
866	22 
867	9 
868	29 
869	2 
870	26 
871	16 
872	7 
873	3 
874	9 
875	6 
876	3 
877	10 
878	13 
879	27 
880	6 
881	12 
882	29 
883	22 
884	13 
885	16 
886	15 
887	20 
888	20 
889	25 
890	11 
891	27 
892	8 
893	18 
894	15 
895	28 
896	16 
897	8 
898	20 
899	28 
900	24 
901	15 
902	17 
903	5 
904	23 
905	21 
906	17 
907	17 
908	24 
909	13 
910	18 
911	21 
912	14 
913	25 
914	16 
915	24 
916	5 
917	22 
918	7 
919	14 
920	6 
921	20 
922	29 
923	15 
924	13 
925	18 
926	16 
927	19 
928	29 
929	4 
930	7 
931	18 
932	2 
933	24 
934	13 
935	28 
936	22 
937	10 
938	10 
939	12 
940	3 
941	14 
942	11 
943	12 
944	26 
945	16 
946	23 
947	10 
948	13 
949	26 
950	29 
951	25 
952	15 
953	11 
954	4 
955	10 
956	10 
957	12 
958	22 
959	25 
960	28 
961	7 
962	25 
963	19 
964	22 
965	27 
966	18 
967	8 
968	13 
969	28 
970	23 
971	29 
972	27 
973	18 
974	21 
975	25 
976	10 
977	2 
978	19 
979	10 
980	13 
981	19 
982	2 
983	13 
984	17 
985	18 
986	9 
987	17 
988	14 
989	16 
990	16 
991	22 
992	26 
993	13 
994	24 
995	16 
996	28 
997	24 
998	16 
999	27 
1000	29 
1001	28 
1002	28 
1003	12 
1004	16 
1005	18 
1006	16 
1007	23 
1008	7 
1009	22 
1010	6 
1011	17 
1012	10 
1013	5 
1014	15 
1015	28 
1016	21 
1017	25 
1018	12 
1019	4 
1020	21 
1021	17 
1022	12 
1023	18 
1024	8 
1025	18 
1026	18 
1027	12 
1028	2 
1029	18 
1030	5 
1031	15 
1032	16 
1033	18 
1034	24 
1035	23 
1036	11 
1037	28 
1038	2 
1039	28 
1040	22 
1041	28 
1042	19 
1043	7 
1044	18 
1045	28 
1046	21 
1047	26 
1048	21 
1049	24 
1050	21 
1051	10 
1052	29 
1053	27 
1054	18 
1055	7 
1056	25 
1057	25 
1058	27 
1059	18 
1060	27 
1061	29 
1062	6 
1063	27 
1064	7 
1065	7 
1066	16 
1067	26 
1068	7 
1069	14 
1070	27 
1071	28 
1072	21 
1073	5 
1074	15 
1075	7 
1076	7 
1077	12 
1078	21 
1079	10 
1080	29 
1081	10 
1082	4 
1083	5 
1084	21 
1085	17 
1086	27 
1087	20 
1088	5 
1089	12 
1090	27 
1091	29 
1092	17 
1093	21 
1094	22 
1095	26 
1096	5 
1097	10 
1098	2 
1099	15 
1100	17 
1101	23 
1102	13 
1103	20 
1104	28 
1105	6 
1106	24 
1107	25 
1108	20 
1109	29 
1110	3 
1111	15 
1112	2 
1113	16 
1114	10 
1115	5 
1116	8 
1117	28 
1118	16 
1119	28 
1120	7 
1121	8 
1122	12 
1123	20 
1124	8 
1125	15 
1126	3 
1127	7 
1128	5 
1129	1 
1130	11 
1131	2 
1132	18 
1133	8 
1134	21 
1135	6 
1136	25 
1137	26 
1138	13 
1139	27 
1140	9 
1141	4 
1142	16 
1143	12 
1144	16 
1145	2 
1146	3 
1147	21 
1148	23 
1149	26 
1150	9 
1151	4 
1152	14 
1153	15 
1154	28 
1155	12 
1156	12 
1157	27 
1158	2 
1159	25 
1160	20 
1161	25 
1162	12 
1163	3 
1164	5 
1165	16 
1166	14 
1167	1 
1168	12 
1169	15 
1170	25 
1171	17 
1172	15 
1173	24 
1174	27 
1175	17 
1176	12 
1177	14 
1178	16 
1179	19 
1180	3 
1181	3 
1182	21 
1183	17 
1184	25 
1185	25 
1186	27 
1187	4 
1188	4 
1189	5 
1190	25 
1191	6 
1192	10 
1193	21 
1194	7 
1195	28 
1196	2 
1197	7 
1198	6 
1199	16 
1200	13 
1201	22 
1202	26 
1203	24 
1204	23 
1205	2 
1206	13 
1207	17 
1208	19 
1209	10 
1210	19 
1211	23 
1212	21 
1213	22 
1214	15 
1215	22 
1216	17 
1217	10 
1218	17 
1219	23 
1220	21 
1221	6 
1222	21 
1223	8 
1224	12 
1225	12 
1226	19 
1227	14 
1228	7 
1229	18 
1230	22 
1231	12 
1232	2 
1233	16 
1234	9 
1235	25 
1236	16 
1237	10 
1238	4 
1239	29 
1240	21 
1241	24 
1242	28 
1243	28 
1244	9 
1245	6 
1246	26 
1247	7 
1248	20 
1249	14 
1250	14 
1251	17 
1252	16 
1253	26 
1254	27 
1255	5 
1256	18 
1257	22 
1258	8 
1259	16 
1260	7 
1261	5 
1262	2 
1263	29 
1264	12 
1265	27 
1266	15 
1267	12 
1268	15 
1269	7 
1270	18 
1271	26 
1272	26 
1273	9 
1274	8 
1275	28 
1276	22 
1277	5 
1278	27 
1279	19 
1280	29 
1281	16 
1282	13 
1283	18 
1284	11 
1285	10 
1286	4 
1287	12 
1288	24 
1289	18 
1290	1 
1291	24 
1292	15 
1293	16 
1294	3 
1295	29 
1296	17 
1297	15 
1298	21 
1299	17 
1300	25 
1301	28 
1302	24 
1303	28 
1304	12 
1305	22 
1306	17 
1307	5 
1308	7 
1309	19 
1310	2 
1311	11 
1312	22 
1313	4 
1314	17 
1315	18 
1316	13 
1317	29 
1318	8 
1319	18 
1320	14 
1321	14 
1322	21 
1323	20 
1324	18 
1325	13 
1326	14 
1327	28 
1328	15 
1329	8 
1330	12 
1331	7 
1332	29 
1333	11 
1334	13 
1335	20 
1336	5 
1337	1 
1338	26 
1339	24 
1340	17 
1341	4 
1342	4 
1343	14 
1344	15 
1345	6 
1346	25 
1347	15 
1348	7 
1349	28 
1350	7 
1351	5 
1352	24 
1353	21 
1354	5 
1355	27 
1356	18 
1357	7 
1358	14 
1359	23 
1360	15 
1361	11 
1362	26 
1363	23 
1364	4 
1365	13 
1366	26 
1367	22 
1368	8 
1369	28 
1370	6 
1371	1 
1372	25 
1373	22 
1374	20 
1375	29 
1376	15 
1377	13 
1378	5 
1379	17 
1380	25 
1381	21 
1382	20 
1383	27 
1384	22 
1385	17 
1386	15 
1387	20 
1388	10 
1389	15 
1390	22 
1391	3 
1392	28 
1393	4 
1394	12 
1395	25 
1396	20 
1397	13 
1398	6 
1399	19 
1400	9 
1401	28 
1402	12 
1403	15 
1404	14 
1405	14 
1406	17 
1407	18 
1408	5 
1409	4 
1410	29 
1411	27 
1412	19 
1413	19 
1414	14 
1415	24 
1416	8 
1417	7 
1418	12 
1419	10 
1420	26 
1421	6 
1422	23 
1423	5 
1424	12 
1425	11 
1426	21 
1427	9 
1428	14 
1429	25 
1430	1 
1431	15 
1432	24 
1433	24 
1434	6 
1435	9 
1436	4 
1437	28 
1438	24 
1439	15 
1440	18 
1441	5 
1442	17 
1443	18 
1444	19 
1445	2 
1446	19 
1447	6 
1448	12 
1449	7 
1450	10 
1451	9 
1452	21 
1453	16 
1454	21 
1455	21 
1456	19 
1457	15 
1458	19 
1459	25 
1460	26 
1461	29 
1462	25 
1463	19 
1464	18 
1465	1 
1466	5 
1467	10 
1468	5 
1469	13 
1470	22 
1471	13 
1472	20 
1473	15 
1474	7 
1475	13 
1476	8 
1477	20 
1478	25 
1479	24 
1480	12 
1481	10 
1482	8 
1483	24 
1484	21 
1485	10 
1486	29 
1487	24 
1488	27 
1489	5 
1490	2 
1491	11 
1492	16 
1493	22 
1494	3 
1495	15 
1496	18 
1497	24 
1498	27 
1499	18 
1500	5 
1501	16 
1502	20 
1503	22 
1504	24 
1505	24 
1506	7 
1507	8 
1508	8 
1509	12 
1510	2 
1511	23 
1512	11 
1513	17 
1514	23 
1515	17 
1516	11 
1517	13 
1518	25 
1519	12 
1520	3 
1521	4 
1522	24 
1523	19 
1524	24 
1525	25 
1526	9 
1527	3 
1528	24 
1529	10 
1530	13 
1531	14 
1532	6 
1533	24 
1534	2 
1535	16 
1536	4 
1537	16 
1538	4 
1539	7 
1540	14 
1541	29 
1542	17 
1543	6 
1544	13 
1545	28 
1546	7 
1547	26 
1548	22 
1549	20 
1550	3 
1551	11 
1552	19 
1553	2 
1554	28 
1555	25 
1556	14 
1557	27 
1558	15 
1559	23 
1560	7 
1561	25 
1562	13 
1563	28 
1564	15 
1565	10 
1566	28 
1567	19 
1568	29 
1569	10 
1570	24 
1571	17 
1572	2 
1573	16 
1574	4 
1575	18 
1576	16 
1577	19 
1578	2 
1579	19 
1580	13 
1581	19 
1582	11 
1583	5 
1584	24 
1585	6 
1586	4 
1587	14 
1588	21 
1589	9 
1590	15 
1591	5 
1592	9 
1593	28 
1594	17 
1595	10 
1596	13 
1597	29 
1598	16 
1599	28 
1600	15 
1601	15 
1602	15 
1603	8 
1604	12 
1605	26 
1606	12 
1607	4 
1608	12 
1609	23 
1610	29 
1611	17 
1612	1 
1613	17 
1614	17 
1615	5 
1616	26 
1617	14 
1618	24 
1619	21 
1620	3 
1621	15 
1622	10 
1623	11 
1624	17 
1625	27 
1626	7 
1627	17 
1628	29 
1629	4 
1630	17 
1631	7 
1632	10 
1633	26 
1634	19 
1635	15 
1636	27 
1637	28 
1638	19 
1639	16 
1640	3 
1641	16 
1642	9 
1643	25 
1644	9 
1645	6 
1646	21 
1647	10 
1648	7 
1649	10 
1650	28 
1651	27 
1652	13 
1653	10 
1654	24 
1655	29 
1656	29 
1657	29 
1658	24 
1659	3 
1660	2 
1661	21 
1662	24 
1663	4 
1664	12 
1665	19 
1666	15 
1667	22 
1668	14 
1669	19 
1670	1 
1671	18 
1672	20 
1673	8 
1674	16 
1675	16 
1676	15 
1677	28 
1678	15 
1679	17 
1680	21 
1681	22 
1682	22 
1683	4 
1684	29 
1685	28 
1686	21 
1687	17 
1688	17 
1689	8 
1690	19 
1691	14 
1692	29 
1693	20 
1694	25 
1695	24 
1696	24 
1697	2 
1698	7 
1699	17 
1700	10 
1701	12 
1702	26 
1703	23 
1704	13 
1705	11 
1706	29 
1707	10 
1708	7 
1709	23 
1710	26 
1711	14 
1712	15 
1713	29 
1714	16 
1715	16 
1716	24 
1717	23 
1718	7 
1719	25 
1720	29 
1721	18 
1722	29 
1723	17 
1724	15 
1725	14 
1726	17 
1727	17 
1728	23 
1729	13 
1730	27 
1731	27 
1732	22 
1733	7 
1734	15 
1735	5 
1736	22 
1737	19 
1738	21 
1739	15 
1740	19 
1741	22 
1742	5 
1743	24 
1744	12 
1745	6 
1746	23 
1747	13 
1748	3 
1749	7 
1750	15 
1751	10 
1752	17 
1753	4 
1754	17 
1755	15 
1756	10 
1757	5 
1758	29 
1759	6 
1760	14 
1761	21 
1762	9 
1763	11 
1764	13 
1765	12 
1766	11 
1767	15 
1768	16 
1769	2 
1770	22 
1771	17 
1772	19 
1773	3 
1774	11 
1775	21 
1776	3 
1777	5 
1778	26 
1779	13 
1780	28 
1781	8 
1782	27 
1783	9 
1784	8 
1785	25 
1786	28 
1787	1 
1788	8 
1789	15 
1790	10 
1791	21 
1792	14 
1793	3 
1794	22 
1795	29 
1796	4 
1797	20 
1798	25 
1799	28 
1800	5 
1801	29 
1802	12 
1803	1 
1804	12 
1805	9 
1806	18 
1807	25 
1808	11 
1809	15 
1810	17 
1811	29 
1812	8 
1813	2 
1814	11 
1815	12 
1816	19 
1817	24 
1818	25 
1819	4 
1820	26 
1821	14 
1822	14 
1823	23 
1824	7 
1825	12 
1826	20 
1827	15 
1828	15 
1829	12 
1830	16 
1831	9 
1832	10 
1833	4 
1834	17 
1835	12 
1836	19 
1837	26 
1838	15 
1839	6 
1840	29 
1841	16 
1842	20 
1843	18 
1844	25 
1845	23 
1846	26 
1847	18 
1848	21 
1849	10 
1850	14 
1851	26 
1852	12 
1853	21 
1854	5 
1855	21 
1856	17 
1857	14 
1858	21 
1859	7 
1860	9 
1861	1 
1862	6 
1863	11 
1864	15 
1865	25 
1866	8 
1867	10 
1868	21 
1869	5 
1870	24 
1871	16 
1872	22 
1873	14 
1874	10 
1875	10 
1876	20 
1877	8 
1878	7 
1879	1 
1880	22 
1881	14 
1882	16 
1883	25 
1884	29 
1885	2 
1886	19 
1887	28 
1888	14 
1889	6 
1890	11 
1891	7 
1892	15 
1893	23 
1894	19 
1895	13 
1896	28 
1897	28 
1898	14 
1899	25 
1900	12 
1901	14 
1902	25 
1903	14 
1904	21 
1905	6 
1906	22 
1907	27 
1908	3 
1909	16 
1910	25 
1911	7 
1912	18 
1913	18 
1914	26 
1915	5 
1916	22 
1917	26 
1918	14 
1919	19 
1920	4 
1921	14 
1922	12 
1923	25 
1924	29 
1925	12 
1926	18 
1927	15 
1928	23 
1929	27 
1930	6 
1931	21 
1932	27 
1933	27 
1934	11 
1935	18 
1936	25 
1937	17 
1938	29 
1939	12 
1940	26 
1941	27 
1942	15 
1943	15 
1944	15 
1945	18 
1946	25 
1947	14 
1948	18 
1949	5 
1950	21 
1951	17 
1952	11 
1953	6 
1954	7 
1955	17 
1956	12 
1957	3 
1958	11 
1959	26 
1960	15 
1961	16 
1962	2 
1963	24 
1964	18 
1965	7 
1966	29 
1967	26 
1968	20 
1969	10 
1970	25 
1971	28 
1972	26 
1973	15 
1974	12 
1975	21 
1976	17 
1977	4 
1978	16 
1979	19 
1980	20 
1981	6 
1982	7 
1983	29 
1984	18 
1985	6 
1986	2 
1987	24 
1988	8 
1989	26 
1990	3 
1991	9 
1992	5 
1993	27 
1994	5 
1995	15 
1996	28 
1997	7 
1998	12 
1999	15 
2000	24 
2001	17 
2002	27 
2003	16 
2004	19 
2005	12 
2006	10 
2007	4 
2008	10 
2009	27 
2010	20 
2011	17 
2012	7 
2013	15 
2014	16 
2015	18 
2016	25 
2017	15 
2018	24 
2019	8 
2020	6 
2021	17 
2022	1 
2023	2 
2024	20 
2025	5 
2026	26 
2027	25 
2028	7 
2029	12 
2030	5 
2031	3 
2032	13 
2033	16 
2034	15 
2035	3 
2036	9 
2037	14 
2038	16 
2039	20 
2040	26 
2041	18 
2042	18 
2043	25 
2044	28 
2045	24 
2046	25 
2047	19 
2048	23 
2049	10 
2050	20 
2051	28 
2052	18 
2053	24 
2054	25 
2055	12 
2056	12 
2057	21 
2058	17 
2059	7 
2060	7 
2061	13 
2062	29 
2063	2 
2064	24 
2065	3 
2066	12 
2067	21 
2068	7 
2069	24 
2070	12 
2071	18 
2072	25 
2073	24 
2074	12 
2075	25 
2076	15 
2077	24 
2078	22 
2079	4 
2080	13 
2081	17 
2082	25 
2083	20 
2084	12 
2085	12 
2086	26 
2087	18 
2088	27 
2089	12 
2090	17 
2091	25 
2092	12 
2093	16 
2094	27 
2095	9 
2096	26 
2097	28 
2098	7 
2099	19 
2100	8 
2101	25 
2102	2 
2103	25 
2104	1 
2105	28 
2106	16 
2107	29 
2108	23 
2109	26 
2110	21 
2111	21 
2112	9 
2113	26 
2114	12 
2115	17 
2116	25 
2117	2 
2118	21 
2119	25 
2120	20 
2121	4 
2122	3 
2123	21 
2124	15 
2125	16 
2126	27 
2127	22 
2128	22 
2129	5 
2130	26 
2131	12 
2132	25 
2133	27 
2134	24 
2135	21 
2136	4 
2137	27 
2138	20 
2139	9 
2140	9 
2141	17 
2142	17 
2143	10 
2144	24 
2145	20 
2146	15 
2147	21 
2148	2 
2149	29 
2150	27 
2151	28 
2152	28 
2153	6 
2154	18 
2155	13 
2156	8 
2157	28 
2158	15 
2159	26 
2160	7 
2161	24 
2162	22 
2163	19 
2164	7 
2165	26 
2166	13 
2167	16 
2168	22 
2169	17 
2170	17 
2171	28 
2172	25 
2173	3 
2174	12 
2175	8 
2176	24 
2177	20 
2178	24 
2179	26 
2180	1 
2181	14 
2182	25 
2183	13 
2184	6 
2185	27 
2186	14 
2187	26 
2188	6 
2189	29 
2190	24 
2191	27 
2192	3 
2193	12 
2194	14 
2195	14 
2196	3 
2197	29 
2198	3 
2199	17 
2200	2 
2201	3 
2202	2 
2203	13 
2204	19 
2205	5 
2206	18 
2207	17 
2208	7 
2209	21 
2210	7 
2211	26 
2212	25 
2213	7 
2214	18 
2215	6 
2216	16 
2217	29 
2218	14 
2219	5 
2220	7 
2221	18 
2222	27 
2223	24 
2224	1 
2225	3 
2226	7 
2227	12 
2228	11 
2229	26 
2230	24 
2231	1 
2232	18 
2233	13 
2234	3 
2235	18 
2236	9 
2237	11 
2238	7 
2239	4 
2240	10 
2241	11 
2242	10 
2243	3 
2244	9 
2245	21 
2246	21 
2247	13 
2248	8 
2249	24 
2250	24 
2251	8 
2252	17 
2253	6 
2254	7 
2255	13 
2256	6 
2257	16 
2258	3 
2259	14 
2260	7 
2261	21 
2262	9 
2263	22 
2264	3 
2265	5 
2266	18 
2267	12 
2268	8 
2269	23 
2270	14 
2271	13 
2272	16 
2273	14 
2274	18 
2275	14 
2276	5 
2277	4 
2278	16 
2279	15 
2280	18 
2281	10 
2282	7 
2283	2 
2284	2 
2285	6 
2286	13 
2287	22 
2288	29 
2289	6 
2290	11 
2291	24 
2292	16 
2293	7 
2294	12 
2295	24 
2296	3 
2297	24 
2298	26 
2299	7 
2300	19 
2301	17 
2302	6 
2303	17 
2304	24 
2305	11 
2306	4 
2307	8 
2308	6 
2309	11 
2310	20 
2311	13 
2312	17 
2313	25 
2314	12 
2315	15 
2316	16 
2317	18 
2318	19 
2319	5 
2320	28 
2321	16 
2322	29 
2323	26 
2324	7 
2325	17 
2326	9 
2327	17 
2328	29 
2329	22 
2330	13 
2331	28 
2332	24 
2333	25 
2334	19 
2335	17 
2336	16 
2337	10 
2338	6 
2339	19 
2340	17 
2341	8 
2342	3 
2343	29 
2344	3 
2345	24 
2346	16 
2347	14 
2348	4 
2349	6 
2350	17 
2351	28 
2352	25 
2353	23 
2354	13 
2355	15 
2356	4 
2357	5 
2358	19 
2359	12 
2360	14 
2361	21 
2362	17 
2363	2 
2364	15 
2365	13 
2366	13 
2367	7 
2368	22 
2369	12 
2370	23 
2371	19 
2372	12 
2373	29 
2374	24 
2375	15 
2376	28 
2377	26 
2378	20 
2379	12 
2380	17 
2381	26 
2382	9 
2383	20 
2384	22 
2385	3 
2386	14 
2387	23 
2388	13 
2389	1 
2390	17 
2391	26 
2392	7 
2393	18 
2394	11 
2395	6 
2396	10 
2397	24 
2398	15 
2399	6 
2400	23 
2401	28 
2402	26 
2403	13 
2404	25 
2405	8 
2406	24 
2407	27 
2408	4 
2409	22 
2410	18 
2411	13 
2412	16 
2413	23 
2414	3 
2415	9 
2416	11 
2417	28 
2418	7 
2419	28 
2420	4 
2421	25 
2422	15 
2423	24 
2424	14 
2425	5 
2426	11 
2427	21 
2428	24 
2429	28 
2430	6 
2431	15 
2432	4 
2433	11 
2434	14 
2435	9 
2436	19 
2437	19 
2438	6 
2439	26 
2440	8 
2441	14 
2442	25 
2443	5 
2444	3 
2445	26 
2446	3 
2447	12 
2448	27 
2449	14 
2450	22 
2451	27 
2452	15 
2453	16 
2454	14 
2455	4 
2456	26 
2457	12 
2458	1 
2459	25 
2460	6 
2461	25 
2462	24 
2463	5 
2464	28 
2465	22 
2466	12 
2467	18 
2468	14 
2469	26 
2470	3 
2471	12 
2472	28 
2473	21 
2474	21 
2475	7 
2476	12 
2477	23 
2478	15 
2479	9 
2480	24 
2481	6 
2482	12 
2483	27 
2484	11 
2485	19 
2486	12 
2487	6 
2488	17 
2489	26 
2490	22 
2491	26 
2492	27 
2493	28 
2494	27 
2495	5 
2496	13 
2497	16 
2498	28 
2499	7 
2500	4 
2501	29 
2502	8 
2503	24 
2504	16 
2505	20 
2506	27 
2507	28 
2508	1 
2509	8 
2510	17 
2511	28 
2512	25 
2513	12 
2514	9 
2515	12 
2516	2 
2517	1 
2518	3 
2519	12 
2520	20 
2521	5 
2522	24 
2523	13 
2524	25 
2525	3 
2526	27 
2527	14 
2528	22 
2529	15 
2530	7 
2531	5 
2532	25 
2533	22 
2534	9 
2535	25 
2536	24 
2537	27 
2538	17 
2539	28 
2540	9 
2541	24 
2542	21 
2543	5 
2544	26 
2545	20 
2546	3 
2547	20 
2548	6 
2549	13 
2550	14 
2551	26 
2552	13 
2553	18 
2554	19 
2555	2 
2556	17 
2557	27 
2558	10 
2559	24 
2560	10 
2561	24 
2562	10 
2563	7 
2564	5 
2565	3 
2566	26 
2567	11 
2568	14 
2569	1 
2570	15 
2571	7 
2572	1 
2573	14 
2574	23 
2575	22 
2576	24 
2577	17 
2578	15 
2579	22 
2580	19 
2581	8 
2582	23 
2583	26 
2584	24 
2585	23 
2586	27 
2587	21 
2588	14 
2589	5 
2590	17 
2591	14 
2592	16 
2593	18 
2594	26 
2595	7 
2596	20 
2597	2 
2598	29 
2599	5 
2600	18 
2601	28 
2602	12 
2603	16 
2604	13 
2605	9 
2606	2 
2607	4 
2608	15 
2609	14 
2610	16 
2611	9 
2612	15 
2613	26 
2614	5 
2615	16 
2616	25 
2617	8 
2618	24 
2619	2 
2620	25 
2621	6 
2622	28 
2623	10 
2624	28 
2625	16 
2626	12 
2627	14 
2628	19 
2629	11 
2630	15 
2631	12 
2632	9 
2633	12 
2634	13 
2635	6 
2636	23 
2637	21 
2638	25 
2639	22 
2640	17 
2641	6 
2642	18 
2643	15 
2644	17 
2645	18 
2646	17 
2647	3 
2648	26 
2649	10 
2650	28 
2651	5 
2652	17 
2653	18 
2654	11 
2655	29 
2656	17 
2657	17 
2658	19 
2659	20 
2660	29 
2661	29 
2662	17 
2663	26 
2664	4 
2665	8 
2666	14 
2667	19 
2668	6 
2669	10 
2670	3 
2671	16 
2672	12 
2673	5 
2674	5 
2675	26 
2676	6 
2677	12 
2678	17 
2679	27 
2680	19 
2681	24 
2682	3 
2683	26 
2684	23 
2685	7 
2686	28 
2687	22 
2688	7 
2689	10 
2690	3 
2691	17 
2692	28 
2693	27 
2694	14 
2695	25 
2696	22 
2697	25 
2698	16 
2699	3 
2700	23 
2701	17 
2702	28 
2703	29 
2704	18 
2705	25 
2706	25 
2707	15 
2708	21 
2709	6 
2710	29 
2711	22 
2712	25 
2713	14 
2714	3 
2715	19 
2716	27 
2717	20 
2718	6 
2719	25 
2720	23 
2721	25 
2722	9 
2723	22 
2724	24 
2725	15 
2726	20 
2727	6 
2728	8 
2729	19 
2730	25 
2731	16 
2732	17 
2733	1 
2734	20 
2735	29 
2736	12 
2737	4 
2738	23 
2739	19 
2740	12 
2741	3 
2742	25 
2743	5 
2744	19 
2745	26 
2746	8 
2747	26 
2748	17 
2749	20 
2750	14 
2751	22 
2752	29 
2753	15 
2754	24 
2755	26 
2756	29 
2757	18 
2758	16 
2759	7 
2760	24 
2761	11 
2762	9 
2763	15 
2764	25 
2765	19 
2766	9 
2767	19 
2768	22 
2769	9 
2770	17 
2771	18 
2772	20 
2773	5 
2774	14 
2775	29 
2776	22 
2777	18 
2778	17 
2779	25 
2780	13 
2781	16 
2782	3 
2783	19 
2784	24 
2785	3 
2786	16 
2787	16 
2788	24 
2789	3 
2790	1 
2791	12 
2792	12 
2793	20 
2794	14 
2795	15 
2796	28 
2797	6 
2798	26 
2799	1 
2800	28 
2801	12 
2802	21 
2803	20 
2804	26 
2805	25 
2806	16 
2807	26 
2808	4 
2809	13 
2810	29 
2811	14 
2812	3 
2813	12 
2814	27 
2815	3 
2816	21 
2817	24 
2818	25 
2819	21 
2820	12 
2821	26 
2822	20 
2823	20 
2824	20 
2825	19 
2826	28 
2827	3 
2828	15 
2829	3 
2830	20 
2831	17 
2832	1 
2833	17 
2834	21 
2835	24 
2836	19 
2837	13 
2838	17 
2839	1 
2840	10 
2841	21 
2842	8 
2843	9 
2844	26 
2845	27 
2846	25 
2847	17 
2848	20 
2849	27 
2850	12 
2851	16 
2852	23 
2853	4 
2854	15 
2855	11 
2856	19 
2857	10 
2858	12 
2859	27 
2860	12 
2861	14 
2862	6 
2863	5 
2864	20 
2865	16 
2866	20 
2867	25 
2868	26 
2869	6 
2870	7 
2871	24 
2872	7 
2873	22 
2874	28 
2875	27 
2876	29 
2877	24 
2878	14 
2879	24 
2880	16 
2881	23 
2882	26 
2883	26 
2884	12 
2885	9 
2886	19 
2887	12 
2888	16 
2889	25 
2890	18 
2891	20 
2892	7 
2893	14 
2894	5 
2895	16 
2896	28 
2897	1 
2898	26 
2899	7 
2900	26 
2901	16 
2902	29 
2903	11 
2904	12 
2905	11 
2906	13 
2907	7 
2908	25 
2909	27 
2910	29 
2911	17 
2912	12 
2913	17 
2914	3 
2915	25 
2916	22 
2917	16 
2918	21 
2919	24 
2920	12 
2921	5 
2922	21 
2923	26 
2924	1 
2925	13 
2926	21 
2927	19 
2928	16 
2929	6 
2930	9 
2931	12 
2932	12 
2933	16 
2934	26 
2935	3 
2936	16 
2937	17 
2938	4 
2939	7 
2940	19 
2941	25 
2942	24 
2943	5 
2944	15 
2945	18 
2946	2 
2947	28 
2948	11 
2949	16 
2950	2 
2951	8 
2952	12 
2953	4 
2954	22 
2955	22 
2956	14 
2957	9 
2958	23 
2959	5 
2960	9 
2961	21 
2962	7 
2963	6 
2964	1 
2965	18 
2966	29 
2967	7 
2968	21 
2969	23 
2970	7 
2971	25 
2972	4 
2973	7 
2974	13 
2975	15 
2976	23 
2977	4 
2978	26 
2979	9 
2980	12 
2981	23 
2982	29 
2983	17 
2984	6 
2985	25 
2986	15 
2987	6 
2988	18 
2989	17 
2990	28 
2991	12 
2992	3 
2993	28 
2994	4 
2995	25 
2996	29 
2997	6 
2998	21 
2999	2 
3000	4 
3001	6 
3002	7 
3003	11 
3004	26 
3005	21 
3006	4 
3007	18 
3008	6 
3009	10 
3010	26 
3011	1 
3012	5 
3013	10 
3014	16 
3015	4 
3016	25 
3017	16 
3018	25 
3019	6 
3020	17 
3021	27 
3022	7 
3023	28 
3024	19 
3025	12 
3026	26 
3027	24 
3028	13 
3029	28 
3030	15 
3031	15 
3032	24 
3033	6 
3034	15 
3035	6 
3036	3 
3037	8 
3038	20 
3039	15 
3040	8 
3041	6 
3042	25 
3043	12 
3044	12 
3045	26 
3046	5 
3047	8 
3048	12 
3049	5 
3050	27 
3051	12 
3052	25 
3053	12 
3054	22 
3055	24 
3056	20 
3057	16 
3058	15 
3059	17 
3060	16 
3061	24 
3062	15 
3063	9 
3064	25 
3065	1 
3066	29 
3067	12 
3068	7 
3069	4 
3070	17 
3071	13 
3072	13 
3073	15 
3074	4 
3075	7 
3076	26 
3077	2 
3078	16 
3079	21 
3080	13 
3081	11 
3082	6 
3083	22 
3084	9 
3085	17 
3086	4 
3087	2 
3088	13 
3089	22 
3090	12 
3091	8 
3092	16 
3093	25 
3094	29 
3095	9 
3096	16 
3097	10 
3098	4 
3099	14 
3100	23 
3101	21 
3102	19 
3103	7 
3104	22 
3105	13 
3106	17 
3107	7 
3108	4 
3109	17 
3110	7 
3111	16 
3112	28 
3113	10 
3114	16 
3115	19 
3116	11 
3117	25 
3118	26 
3119	23 
3120	19 
3121	7 
3122	12 
3123	13 
3124	14 
3125	29 
3126	25 
3127	14 
3128	24 
3129	12 
3130	21 
3131	12 
3132	25 
3133	23 
3134	17 
3135	15 
3136	5 
3137	15 
3138	18 
3139	24 
3140	1 
3141	7 
3142	12 
3143	13 
3144	12 
3145	26 
3146	14 
3147	7 
3148	5 
3149	9 
3150	17 
3151	1 
3152	7 
3153	15 
3154	12 
3155	9 
3156	16 
3157	14 
3158	15 
3159	18 
3160	13 
3161	11 
3162	27 
3163	15 
3164	18 
3165	12 
3166	4 
3167	1 
3168	6 
3169	14 
3170	17 
3171	17 
3172	26 
3173	11 
3174	7 
3175	26 
3176	6 
3177	23 
3178	13 
3179	18 
3180	15 
3181	20 
3182	29 
3183	3 
3184	13 
3185	9 
3186	15 
3187	15 
3188	22 
3189	20 
3190	4 
3191	7 
3192	9 
3193	10 
3194	26 
3195	21 
3196	11 
3197	18 
3198	21 
3199	13 
3200	2 
3201	23 
3202	14 
3203	18 
3204	17 
3205	12 
3206	5 
3207	22 
3208	5 
3209	16 
3210	1 
3211	13 
3212	1 
3213	18 
3214	25 
3215	27 
3216	13 
3217	14 
3218	15 
3219	25 
3220	6 
3221	27 
3222	17 
3223	24 
3224	3 
3225	11 
3226	7 
3227	20 
3228	8 
3229	25 
3230	28 
3231	6 
3232	28 
3233	15 
3234	15 
3235	10 
3236	23 
3237	16 
3238	1 
3239	24 
3240	22 
3241	25 
3242	7 
3243	17 
3244	16 
3245	20 
3246	28 
3247	23 
3248	15 
3249	10 
3250	15 
3251	23 
3252	11 
3253	29 
3254	12 
3255	6 
3256	25 
3257	18 
3258	6 
3259	18 
3260	15 
3261	16 
3262	25 
3263	25 
3264	4 
3265	10 
3266	9 
3267	26 
3268	25 
3269	21 
3270	5 
3271	27 
3272	19 
3273	23 
3274	25 
3275	4 
3276	26 
3277	11 
3278	23 
3279	25 
3280	21 
3281	4 
3282	26 
3283	9 
3284	4 
3285	25 
3286	18 
3287	2 
3288	3 
3289	23 
3290	16 
3291	12 
3292	10 
3293	7 
3294	9 
3295	24 
3296	23 
3297	10 
3298	6 
3299	3 
3300	26 
3301	11 
3302	15 
3303	21 
3304	14 
3305	15 
3306	29 
3307	8 
3308	9 
3309	28 
3310	23 
3311	9 
3312	3 
3313	10 
3314	12 
3315	15 
3316	15 
3317	28 
3318	26 
3319	19 
3320	23 
3321	19 
3322	12 
3323	6 
3324	8 
3325	12 
3326	6 
3327	17 
3328	26 
3329	17 
3330	15 
3331	26 
3332	9 
3333	7 
3334	18 
3335	7 
3336	13 
3337	24 
3338	26 
3339	5 
3340	16 
3341	1 
3342	24 
3343	21 
3344	10 
3345	14 
3346	10 
3347	12 
3348	6 
3349	19 
3350	13 
3351	25 
3352	26 
3353	12 
3354	9 
3355	1 
3356	4 
3357	14 
3358	29 
3359	2 
3360	14 
3361	13 
3362	12 
3363	18 
3364	14 
3365	15 
3366	10 
3367	19 
3368	5 
3369	11 
3370	2 
3371	27 
3372	17 
3373	12 
3374	28 
3375	21 
3376	24 
3377	8 
3378	13 
3379	29 
3380	14 
3381	17 
3382	17 
3383	20 
3384	21 
3385	8 
3386	5 
3387	24 
3388	28 
3389	15 
3390	5 
3391	21 
3392	22 
3393	6 
3394	28 
3395	20 
3396	14 
3397	14 
3398	10 
3399	13 
3400	1 
3401	5 
3402	29 
3403	15 
3404	16 
3405	21 
3406	18 
3407	21 
3408	26 
3409	15 
3410	21 
3411	14 
3412	16 
3413	27 
3414	4 
3415	17 
3416	23 
3417	18 
3418	27 
3419	1 
3420	21 
3421	24 
3422	6 
3423	17 
3424	14 
3425	13 
3426	9 
3427	12 
3428	25 
3429	22 
3430	19 
3431	24 
3432	25 
3433	14 
3434	21 
3435	15 
3436	26 
3437	13 
3438	24 
3439	27 
3440	23 
3441	17 
3442	23 
3443	5 
3444	14 
3445	10 
3446	17 
3447	17 
3448	7 
3449	12 
3450	29 
3451	7 
3452	28 
3453	19 
3454	19 
3455	8 
3456	11 
3457	18 
3458	19 
3459	22 
3460	27 
3461	16 
3462	26 
3463	14 
3464	6 
3465	22 
3466	21 
3467	12 
3468	20 
3469	27 
3470	18 
3471	11 
3472	16 
3473	26 
3474	18 
3475	12 
3476	29 
3477	13 
3478	11 
3479	3 
3480	25 
3481	12 
3482	24 
3483	24 
3484	27 
3485	28 
3486	13 
3487	18 
3488	5 
3489	27 
3490	22 
3491	18 
3492	18 
3493	26 
3494	6 
3495	5 
3496	17 
3497	18 
3498	12 
3499	21 
3500	26 
3501	4 
3502	26 
3503	16 
3504	26 
3505	17 
3506	14 
3507	28 
3508	28 
3509	21 
3510	16 
3511	3 
3512	7 
3513	17 
3514	12 
3515	15 
3516	8 
3517	28 
3518	19 
3519	24 
3520	24 
3521	25 
3522	9 
3523	7 
3524	28 
3525	9 
3526	26 
3527	21 
3528	27 
3529	17 
3530	10 
3531	9 
3532	7 
3533	18 
3534	11 
3535	12 
3536	17 
3537	10 
3538	26 
3539	10 
3540	25 
3541	5 
3542	23 
3543	6 
3544	9 
3545	18 
3546	4 
3547	26 
3548	13 
3549	2 
3550	18 
3551	11 
3552	14 
3553	7 
3554	5 
3555	26 
3556	25 
3557	29 
3558	5 
3559	7 
3560	10 
3561	3 
3562	16 
3563	22 
3564	10 
3565	18 
3566	4 
3567	16 
3568	3 
3569	12 
3570	25 
3571	14 
3572	15 
3573	25 
3574	14 
3575	8 
3576	11 
3577	17 
3578	17 
3579	18 
3580	27 
3581	15 
3582	17 
3583	4 
3584	13 
3585	15 
3586	26 
3587	13 
3588	16 
3589	28 
3590	5 
3591	9 
3592	1 
3593	23 
3594	25 
3595	23 
3596	18 
3597	5 
3598	24 
3599	17 
3600	24 
3601	14 
3602	1 
3603	24 
3604	17 
3605	28 
3606	28 
3607	15 
3608	25 
3609	20 
3610	29 
3611	5 
3612	23 
3613	7 
3614	22 
3615	24 
3616	18 
3617	24 
3618	24 
3619	16 
3620	22 
3621	25 
3622	19 
3623	14 
3624	6 
3625	12 
3626	15 
3627	8 
3628	29 
3629	27 
3630	13 
3631	15 
3632	17 
3633	13 
3634	8 
3635	6 
3636	5 
3637	4 
3638	28 
3639	10 
3640	19 
3641	14 
3642	7 
3643	18 
3644	27 
3645	28 
3646	20 
3647	6 
3648	21 
3649	27 
3650	27 
3651	4 
3652	12 
3653	26 
3654	2 
3655	25 
3656	7 
3657	4 
3658	1 
3659	3 
3660	2 
3661	11 
3662	25 
3663	24 
3664	25 
3665	4 
3666	23 
3667	13 
3668	2 
3669	24 
3670	1 
3671	25 
3672	23 
3673	10 
3674	10 
3675	25 
3676	20 
3677	21 
3678	21 
3679	13 
3680	25 
3681	20 
3682	4 
3683	13 
3684	27 
3685	15 
3686	29 
3687	28 
3688	19 
3689	3 
3690	15 
3691	3 
3692	25 
3693	6 
3694	29 
3695	6 
3696	22 
3697	18 
3698	10 
3699	28 
3700	15 
3701	23 
3702	22 
3703	2 
3704	10 
3705	17 
3706	19 
3707	20 
3708	16 
3709	3 
3710	27 
3711	23 
3712	28 
3713	10 
3714	15 
3715	29 
3716	21 
3717	6 
3718	27 
3719	11 
3720	21 
3721	18 
3722	5 
3723	16 
3724	11 
3725	15 
3726	20 
3727	22 
3728	9 
3729	17 
3730	25 
3731	18 
3732	4 
3733	25 
3734	17 
3735	12 
3736	18 
3737	29 
3738	9 
3739	3 
3740	7 
3741	1 
3742	29 
3743	25 
3744	15 
3745	25 
3746	7 
3747	5 
3748	17 
3749	5 
3750	20 
3751	15 
3752	16 
3753	5 
3754	1 
3755	2 
3756	19 
3757	28 
3758	4 
3759	5 
3760	21 
3761	15 
3762	18 
3763	7 
3764	26 
3765	17 
3766	25 
3767	19 
3768	24 
3769	11 
3770	18 
3771	24 
3772	2 
3773	15 
3774	10 
3775	17 
3776	26 
3777	13 
3778	12 
3779	10 
3780	25 
3781	19 
3782	26 
3783	10 
3784	5 
3785	12 
3786	3 
3787	29 
3788	18 
3789	20 
3790	29 
3791	1 
3792	27 
3793	10 
3794	7 
3795	10 
3796	16 
3797	8 
3798	27 
3799	4 
3800	24 
3801	15 
3802	5 
3803	15 
3804	8 
3805	7 
3806	21 
3807	28 
3808	17 
3809	22 
3810	11 
3811	27 
3812	15 
3813	6 
3814	29 
3815	10 
3816	17 
3817	26 
3818	18 
3819	6 
3820	25 
3821	16 
3822	29 
3823	3 
3824	25 
3825	28 
3826	28 
3827	16 
3828	1 
3829	17 
3830	7 
3831	25 
3832	19 
3833	5 
3834	25 
3835	27 
3836	27 
3837	5 
3838	13 
3839	29 
3840	23 
3841	25 
3842	24 
3843	28 
3844	16 
3845	25 
3846	12 
3847	25 
3848	12 
3849	21 
3850	3 
3851	28 
3852	17 
3853	26 
3854	28 
3855	17 
3856	18 
3857	10 
3858	28 
3859	24 
3860	14 
3861	4 
3862	24 
3863	26 
3864	11 
3865	10 
3866	14 
3867	16 
3868	4 
3869	10 
3870	27 
3871	25 
3872	11 
3873	28 
3874	12 
3875	21 
3876	4 
3877	25 
3878	3 
3879	27 
3880	22 
3881	25 
3882	16 
3883	7 
3884	28 
3885	15 
3886	5 
3887	7 
3888	15 
3889	13 
3890	15 
3891	25 
3892	22 
3893	16 
3894	21 
3895	21 
3896	7 
3897	14 
3898	29 
3899	20 
3900	7 
3901	15 
3902	17 
3903	28 
3904	12 
3905	18 
3906	21 
3907	12 
3908	12 
3909	10 
3910	10 
3911	21 
3912	22 
3913	21 
3914	25 
3915	15 
3916	20 
3917	2 
3918	25 
3919	18 
3920	18 
3921	1 
3922	14 
3923	19 
3924	21 
3925	1 
3926	2 
3927	29 
3928	26 
3929	21 
3930	15 
3931	12 
3932	29 
3933	20 
3934	13 
3935	13 
3936	13 
3937	24 
3938	11 
3939	29 
3940	21 
3941	4 
3942	13 
3943	28 
3944	18 
3945	11 
3946	19 
3947	20 
3948	1 
3949	24 
3950	21 
3951	25 
3952	17 
3953	17 
3954	23 
3955	26 
3956	23 
3957	28 
3958	22 
3959	10 
3960	12 
3961	29 
3962	14 
3963	19 
3964	2 
3965	18 
3966	5 
3967	18 
3968	5 
3969	27 
3970	21 
3971	19 
3972	11 
3973	6 
3974	15 
3975	9 
3976	24 
3977	4 
3978	26 
3979	19 
3980	28 
3981	25 
3982	17 
3983	25 
3984	16 
3985	1 
3986	19 
3987	4 
3988	10 
3989	7 
3990	19 
3991	20 
3992	11 
3993	25 
3994	13 
3995	17 
3996	27 
3997	14 
3998	24 
3999	9 
4000	29 
4001	10 
4002	15 
4003	22 
4004	26 
4005	5 
4006	7 
4007	3 
4008	28 
4009	13 
4010	21 
4011	5 
4012	22 
4013	29 
4014	18 
4015	8 
4016	13 
4017	16 
4018	4 
4019	10 
4020	16 
4021	10 
4022	17 
4023	11 
4024	20 
4025	17 
4026	16 
4027	8 
4028	6 
4029	18 
4030	23 
4031	27 
4032	18 
4033	19 
4034	26 
4035	26 
4036	20 
4037	10 
4038	9 
4039	15 
4040	17 
4041	28 
4042	7 
4043	16 
4044	29 
4045	28 
4046	7 
4047	14 
4048	17 
4049	23 
4050	8 
4051	16 
4052	4 
4053	4 
4054	28 
4055	19 
4056	13 
4057	18 
4058	5 
4059	14 
4060	28 
4061	18 
4062	20 
4063	14 
4064	11 
4065	29 
4066	22 
4067	11 
4068	22 
4069	24 
4070	23 
4071	10 
4072	8 
4073	23 
4074	7 
4075	26 
4076	9 
4077	2 
4078	13 
4079	6 
4080	2 
4081	22 
4082	5 
4083	29 
4084	15 
4085	9 
4086	25 
4087	25 
4088	14 
4089	22 
4090	19 
4091	16 
4092	29 
4093	9 
4094	14 
4095	7 
4096	17 
4097	6 
4098	26 
4099	5 
4100	15 
4101	7 
4102	15 
4103	9 
4104	7 
4105	26 
4106	22 
4107	8 
4108	12 
4109	23 
4110	6 
4111	4 
4112	26 
4113	15 
4114	12 
4115	12 
4116	27 
4117	26 
4118	7 
4119	15 
4120	16 
4121	16 
4122	21 
4123	4 
4124	19 
4125	13 
4126	23 
4127	13 
4128	26 
4129	18 
4130	29 
4131	14 
4132	23 
4133	15 
4134	25 
4135	9 
4136	12 
4137	18 
4138	10 
4139	15 
4140	17 
4141	21 
4142	25 
4143	25 
4144	19 
4145	14 
4146	11 
4147	7 
4148	18 
4149	15 
4150	24 
4151	3 
4152	12 
4153	26 
4154	17 
4155	13 
4156	16 
4157	9 
4158	9 
4159	12 
4160	14 
4161	5 
4162	22 
4163	5 
4164	13 
4165	11 
4166	26 
4167	26 
4168	14 
4169	7 
4170	23 
4171	6 
4172	5 
4173	15 
4174	7 
4175	13 
4176	26 
4177	20 
4178	2 
4179	10 
4180	14 
4181	29 
4182	17 
4183	22 
4184	6 
4185	4 
4186	26 
4187	5 
4188	10 
4189	17 
4190	22 
4191	3 
4192	1 
4193	19 
4194	6 
4195	8 
4196	1 
4197	22 
4198	6 
4199	12 
4200	28 
4201	23 
4202	11 
4203	15 
4204	23 
4205	24 
4206	29 
4207	9 
4208	15 
4209	3 
4210	17 
4211	9 
4212	10 
4213	10 
4214	8 
4215	16 
4216	17 
4217	22 
4218	10 
4219	16 
4220	11 
4221	11 
4222	17 
4223	6 
4224	12 
4225	7 
4226	12 
4227	19 
4228	15 
4229	12 
4230	4 
4231	7 
4232	12 
4233	24 
4234	3 
4235	11 
4236	22 
4237	6 
4238	20 
4239	17 
4240	12 
4241	29 
4242	4 
4243	12 
4244	19 
4245	19 
4246	18 
4247	25 
4248	23 
4249	3 
4250	29 
4251	8 
4252	27 
4253	28 
4254	24 
4255	16 
4256	29 
4257	17 
4258	29 
4259	23 
4260	27 
4261	6 
4262	24 
4263	6 
4264	16 
4265	22 
4266	26 
4267	27 
4268	6 
4269	23 
4270	12 
4271	24 
4272	27 
4273	17 
4274	15 
4275	6 
4276	5 
4277	28 
4278	11 
4279	5 
4280	5 
4281	15 
4282	8 
4283	24 
4284	11 
4285	11 
4286	16 
4287	25 
4288	4 
4289	5 
4290	2 
4291	3 
4292	20 
4293	10 
4294	12 
4295	17 
4296	28 
4297	21 
4298	2 
4299	16 
4300	26 
4301	13 
4302	14 
4303	13 
4304	14 
4305	4 
4306	17 
4307	7 
4308	1 
4309	24 
4310	21 
4311	11 
4312	28 
4313	10 
4314	11 
4315	10 
4316	16 
4317	19 
4318	29 
4319	5 
4320	13 
4321	14 
4322	23 
4323	6 
4324	7 
4325	21 
4326	16 
4327	6 
4328	21 
4329	28 
4330	17 
4331	9 
4332	17 
4333	6 
4334	23 
4335	13 
4336	22 
4337	15 
4338	5 
4339	14 
4340	20 
4341	22 
4342	23 
4343	16 
4344	17 
4345	20 
4346	15 
4347	8 
4348	12 
4349	14 
4350	3 
4351	20 
4352	10 
4353	24 
4354	12 
4355	17 
4356	15 
4357	9 
4358	15 
4359	14 
4360	16 
4361	13 
4362	7 
4363	18 
4364	17 
4365	17 
4366	28 
4367	5 
4368	28 
4369	13 
4370	29 
4371	24 
4372	25 
4373	26 
4374	17 
4375	17 
4376	6 
4377	2 
4378	26 
4379	12 
4380	28 
4381	12 
4382	21 
4383	9 
4384	24 
4385	24 
4386	10 
4387	18 
4388	19 
4389	26 
4390	23 
4391	18 
4392	8 
4393	23 
4394	29 
4395	16 
4396	7 
4397	23 
4398	16 
4399	19 
4400	14 
4401	14 
4402	4 
4403	2 
4404	12 
4405	11 
4406	10 
4407	18 
4408	26 
4409	29 
4410	21 
4411	4 
4412	8 
4413	13 
4414	29 
4415	18 
4416	1 
4417	10 
4418	24 
4419	5 
4420	8 
4421	15 
4422	24 
4423	4 
4424	29 
4425	18 
4426	13 
4427	14 
4428	24 
4429	18 
4430	28 
4431	16 
4432	20 
4433	5 
4434	23 
4435	6 
4436	16 
4437	6 
4438	26 
4439	17 
4440	15 
4441	20 
4442	15 
4443	18 
4444	25 
4445	18 
4446	13 
4447	12 
4448	18 
4449	21 
4450	18 
4451	28 
4452	2 
4453	16 
4454	24 
4455	10 
4456	21 
4457	22 
4458	6 
4459	24 
4460	3 
4461	1 
4462	21 
4463	21 
4464	17 
4465	17 
4466	5 
4467	17 
4468	12 
4469	12 
4470	3 
4471	10 
4472	27 
4473	26 
4474	15 
4475	17 
4476	19 
4477	7 
4478	13 
4479	8 
4480	19 
4481	15 
4482	21 
4483	10 
4484	5 
4485	26 
4486	19 
4487	2 
4488	24 
4489	23 
4490	7 
4491	17 
4492	11 
4493	28 
4494	3 
4495	17 
4496	2 
4497	4 
4498	10 
4499	24 
4500	13 
4501	21 
4502	23 
4503	18 
4504	19 
4505	12 
4506	29 
4507	6 
4508	6 
4509	22 
4510	4 
4511	18 
4512	22 
4513	15 
4514	17 
4515	16 
4516	11 
4517	18 
4518	22 
4519	1 
4520	15 
4521	17 
4522	15 
4523	12 
4524	12 
4525	25 
4526	23 
4527	19 
4528	26 
4529	26 
4530	25 
4531	7 
4532	20 
4533	26 
4534	22 
4535	12 
4536	15 
4537	5 
4538	17 
4539	4 
4540	19 
4541	4 
4542	1 
4543	17 
4544	5 
4545	4 
4546	26 
4547	12 
4548	12 
4549	7 
4550	27 
4551	7 
4552	29 
4553	18 
4554	15 
4555	18 
4556	12 
4557	13 
4558	20 
4559	13 
4560	23 
4561	26 
4562	29 
4563	15 
4564	26 
4565	26 
4566	9 
4567	15 
4568	20 
4569	12 
4570	6 
4571	19 
4572	25 
4573	8 
4574	25 
4575	14 
4576	12 
4577	12 
4578	18 
4579	15 
4580	29 
4581	7 
4582	20 
4583	1 
4584	17 
4585	17 
4586	19 
4587	17 
4588	11 
4589	13 
4590	25 
4591	2 
4592	16 
4593	25 
4594	13 
4595	8 
4596	25 
4597	10 
4598	22 
4599	21 
4600	10 
4601	21 
4602	5 
4603	14 
4604	7 
4605	17 
4606	15 
4607	1 
4608	17 
4609	7 
4610	14 
4611	8 
4612	21 
4613	11 
4614	29 
4615	21 
4616	6 
4617	24 
4618	18 
4619	6 
4620	27 
4621	7 
4622	6 
4623	24 
4624	22 
4625	19 
4626	19 
4627	1 
4628	7 
4629	26 
4630	16 
4631	5 
4632	24 
4633	21 
4634	28 
4635	18 
4636	2 
4637	16 
4638	12 
4639	5 
4640	20 
4641	29 
4642	4 
4643	26 
4644	27 
4645	19 
4646	17 
4647	28 
4648	18 
4649	10 
4650	26 
4651	6 
4652	11 
4653	8 
4654	18 
4655	4 
4656	2 
4657	27 
4658	5 
4659	17 
4660	25 
4661	22 
4662	21 
4663	18 
4664	14 
4665	19 
4666	24 
4667	18 
4668	25 
4669	18 
4670	23 
4671	15 
4672	15 
4673	15 
4674	2 
4675	15 
4676	22 
4677	21 
4678	12 
4679	4 
4680	21 
4681	15 
4682	20 
4683	19 
4684	11 
4685	28 
4686	17 
4687	12 
4688	21 
4689	14 
4690	12 
4691	12 
4692	17 
4693	13 
4694	27 
4695	24 
4696	23 
4697	8 
4698	15 
4699	24 
4700	12 
4701	2 
4702	6 
4703	20 
4704	12 
4705	19 
4706	29 
4707	2 
4708	20 
4709	5 
4710	12 
4711	21 
4712	24 
4713	7 
4714	6 
4715	19 
4716	18 
4717	8 
4718	4 
4719	7 
4720	16 
4721	29 
4722	5 
4723	18 
4724	13 
4725	21 
4726	8 
4727	15 
4728	8 
4729	14 
4730	14 
4731	17 
4732	24 
4733	17 
4734	6 
4735	29 
4736	28 
4737	8 
4738	26 
4739	29 
4740	7 
4741	7 
4742	15 
4743	22 
4744	26 
4745	13 
4746	8 
4747	27 
4748	9 
4749	13 
4750	14 
4751	3 
4752	5 
4753	24 
4754	21 
4755	13 
4756	15 
4757	24 
4758	4 
4759	28 
4760	13 
4761	26 
4762	17 
4763	26 
4764	19 
4765	10 
4766	16 
4767	29 
4768	13 
4769	15 
4770	8 
4771	11 
4772	7 
4773	14 
4774	21 
4775	13 
4776	19 
4777	23 
4778	6 
4779	25 
4780	2 
4781	10 
4782	29 
4783	25 
4784	28 
4785	28 
4786	26 
4787	29 
4788	7 
4789	12 
4790	12 
4791	3 
4792	14 
4793	28 
4794	20 
4795	16 
4796	12 
4797	12 
4798	19 
4799	11 
4800	28 
4801	3 
4802	17 
4803	2 
4804	6 
4805	25 
4806	26 
4807	26 
4808	27 
4809	28 
4810	2 
4811	28 
4812	15 
4813	2 
4814	26 
4815	13 
4816	29 
4817	17 
4818	24 
4819	27 
4820	13 
4821	27 
4822	29 
4823	16 
4824	24 
4825	10 
4826	21 
4827	29 
4828	7 
4829	15 
4830	15 
4831	26 
4832	23 
4833	1 
4834	21 
4835	5 
4836	21 
4837	12 
4838	22 
4839	10 
4840	21 
4841	24 
4842	16 
4843	15 
4844	15 
4845	12 
4846	23 
4847	13 
4848	14 
4849	12 
4850	2 
4851	11 
4852	8 
4853	11 
4854	9 
4855	21 
4856	14 
4857	6 
4858	17 
4859	12 
4860	15 
4861	5 
4862	12 
4863	5 
4864	7 
4865	22 
4866	6 
4867	6 
4868	26 
4869	21 
4870	15 
4871	12 
4872	24 
4873	8 
4874	19 
4875	7 
4876	17 
4877	3 
4878	15 
4879	24 
4880	22 
4881	23 
4882	13 
4883	7 
4884	7 
4885	1 
4886	19 
4887	8 
4888	28 
4889	25 
4890	9 
4891	16 
4892	19 
4893	1 
4894	16 
4895	15 
4896	22 
4897	4 
4898	26 
4899	22 
4900	14 
4901	3 
4902	17 
4903	8 
4904	12 
4905	19 
4906	27 
4907	8 
4908	21 
4909	18 
4910	26 
4911	29 
4912	23 
4913	17 
4914	3 
4915	6 
4916	2 
4917	17 
4918	10 
4919	14 
4920	17 
4921	22 
4922	24 
4923	5 
4924	16 
4925	10 
4926	17 
4927	28 
4928	25 
4929	24 
4930	20 
4931	2 
4932	20 
4933	25 
4934	15 
4935	12 
4936	18 
4937	17 
4938	3 
4939	17 
4940	23 
4941	16 
4942	18 
4943	16 
4944	6 
4945	2 
4946	24 
4947	10 
4948	26 
4949	1 
4950	26 
4951	13 
4952	27 
4953	10 
4954	5 
4955	10 
4956	28 
4957	29 
4958	9 
4959	5 
4960	22 
4961	12 
4962	27 
4963	3 
4964	5 
4965	2 
4966	16 
4967	16 
4968	16 
4969	17 
4970	19 
4971	21 
4972	6 
4973	5 
4974	10 
4975	24 
4976	21 
4977	24 
4978	7 
4979	15 
4980	14 
4981	18 
4982	2 
4983	2 
4984	16 
4985	3 
4986	5 
4987	29 
4988	19 
4989	7 
4990	27 
4991	10 
4992	12 
4993	29 
4994	18 
4995	7 
4996	18 
4997	19 
4998	26 
4999	15 
5000	23 
5001	22 
5002	26 
5003	1 
5004	23 
5005	14 
5006	7 
5007	10 
5008	18 
5009	20 
5010	2 
5011	3 
5012	17 
5013	26 
5014	17 
5015	6 
5016	25 
5017	12 
5018	27 
5019	9 
5020	14 
5021	7 
5022	26 
5023	20 
5024	3 
5025	28 
5026	11 
5027	8 
5028	26 
5029	12 
5030	3 
5031	2 
5032	21 
5033	5 
5034	4 
5035	5 
5036	17 
5037	18 
5038	14 
5039	13 
5040	10 
5041	24 
5042	18 
5043	16 
5044	25 
5045	28 
5046	17 
5047	1 
5048	3 
5049	17 
5050	26 
5051	5 
5052	21 
5053	18 
5054	6 
5055	7 
5056	10 
5057	12 
5058	18 
5059	2 
5060	5 
5061	18 
5062	25 
5063	22 
5064	5 
5065	24 
5066	22 
5067	22 
5068	3 
5069	1 
5070	22 
5071	15 
5072	9 
5073	4 
5074	29 
5075	10 
5076	28 
5077	25 
5078	7 
5079	27 
5080	17 
5081	25 
5082	18 
5083	15 
5084	22 
5085	13 
5086	18 
5087	25 
5088	13 
5089	29 
5090	28 
5091	5 
5092	2 
5093	10 
5094	15 
5095	13 
5096	23 
5097	15 
5098	12 
5099	25 
5100	6 
5101	21 
5102	7 
5103	17 
5104	27 
5105	25 
5106	16 
5107	12 
5108	6 
5109	22 
5110	20 
5111	17 
5112	12 
5113	10 
5114	28 
5115	7 
5116	15 
5117	6 
5118	26 
5119	21 
5120	2 
5121	16 
5122	18 
5123	28 
5124	19 
5125	10 
5126	20 
5127	2 
5128	29 
5129	21 
5130	16 
5131	21 
5132	12 
5133	2 
5134	18 
5135	21 
5136	12 
5137	27 
5138	10 
5139	18 
5140	28 
5141	7 
5142	13 
5143	17 
5144	4 
5145	15 
5146	28 
5147	23 
5148	15 
5149	28 
5150	6 
5151	22 
5152	12 
5153	19 
5154	14 
5155	13 
5156	10 
5157	1 
5158	23 
5159	25 
5160	13 
5161	8 
5162	25 
5163	6 
5164	20 
5165	24 
5166	14 
5167	21 
5168	28 
5169	26 
5170	12 
5171	10 
5172	15 
5173	16 
5174	4 
5175	25 
5176	28 
5177	13 
5178	19 
5179	8 
5180	7 
5181	14 
5182	6 
5183	29 
5184	20 
5185	13 
5186	12 
5187	15 
5188	11 
5189	26 
5190	16 
5191	18 
5192	2 
5193	19 
5194	22 
5195	15 
5196	16 
5197	14 
5198	10 
5199	7 
5200	17 
5201	22 
5202	29 
5203	2 
5204	21 
5205	12 
5206	3 
5207	29 
5208	20 
5209	12 
5210	4 
5211	17 
5212	7 
5213	16 
5214	24 
5215	2 
5216	7 
5217	21 
5218	18 
5219	10 
5220	2 
5221	6 
5222	7 
5223	17 
5224	29 
5225	14 
5226	8 
5227	12 
5228	27 
5229	28 
5230	13 
5231	20 
5232	21 
5233	28 
5234	29 
5235	9 
5236	7 
5237	10 
5238	16 
5239	14 
5240	29 
5241	25 
5242	24 
5243	3 
5244	6 
5245	18 
5246	25 
5247	27 
5248	20 
5249	15 
5250	28 
5251	9 
5252	8 
5253	27 
5254	21 
5255	27 
5256	13 
5257	21 
5258	20 
5259	14 
5260	26 
5261	18 
5262	10 
5263	18 
5264	25 
5265	9 
5266	21 
5267	2 
5268	14 
5269	19 
5270	6 
5271	16 
5272	13 
5273	15 
5274	10 
5275	14 
5276	1 
5277	21 
5278	26 
5279	8 
5280	6 
5281	8 
5282	3 
5283	13 
5284	14 
5285	17 
5286	19 
5287	24 
5288	20 
5289	14 
5290	13 
5291	13 
5292	14 
5293	11 
5294	18 
5295	26 
5296	16 
5297	22 
5298	10 
5299	28 
5300	3 
5301	9 
5302	22 
5303	9 
5304	19 
5305	21 
5306	4 
5307	28 
5308	28 
5309	15 
5310	27 
5311	17 
5312	8 
5313	4 
5314	18 
5315	12 
5316	18 
5317	17 
5318	12 
5319	3 
5320	23 
5321	29 
5322	21 
5323	6 
5324	17 
5325	26 
5326	5 
5327	11 
5328	24 
5329	21 
5330	22 
5331	10 
5332	2 
5333	2 
5334	24 
5335	11 
5336	10 
5337	25 
5338	12 
5339	22 
5340	13 
5341	5 
5342	16 
5343	1 
5344	26 
5345	6 
5346	17 
5347	9 
5348	28 
5349	13 
5350	10 
5351	9 
5352	25 
5353	18 
5354	9 
5355	16 
5356	24 
5357	29 
5358	5 
5359	2 
5360	23 
5361	25 
5362	15 
5363	12 
5364	16 
5365	28 
5366	17 
5367	27 
5368	3 
5369	19 
5370	24 
5371	10 
5372	26 
5373	12 
5374	5 
5375	7 
5376	22 
5377	3 
5378	15 
5379	29 
5380	25 
5381	3 
5382	16 
5383	15 
5384	3 
5385	26 
5386	27 
5387	27 
5388	17 
5389	17 
5390	13 
5391	26 
5392	14 
5393	26 
5394	25 
5395	8 
5396	27 
5397	1 
5398	9 
5399	7 
5400	5 
5401	27 
5402	28 
5403	2 
5404	23 
5405	11 
5406	11 
5407	17 
5408	12 
5409	20 
5410	15 
5411	29 
5412	5 
5413	13 
5414	2 
5415	14 
5416	9 
5417	8 
5418	1 
5419	12 
5420	19 
5421	16 
5422	24 
5423	7 
5424	15 
5425	21 
5426	16 
5427	25 
5428	6 
5429	17 
5430	28 
5431	15 
5432	6 
5433	29 
5434	20 
5435	8 
5436	27 
5437	14 
5438	5 
5439	18 
5440	12 
5441	2 
5442	29 
5443	16 
5444	6 
5445	2 
5446	16 
5447	12 
5448	2 
5449	4 
5450	26 
5451	7 
5452	9 
5453	11 
5454	27 
5455	21 
5456	19 
5457	15 
5458	24 
5459	26 
5460	23 
5461	10 
5462	18 
5463	12 
5464	3 
5465	2 
5466	25 
5467	7 
5468	14 
5469	7 
5470	2 
5471	17 
5472	26 
5473	14 
5474	23 
5475	26 
5476	18 
5477	23 
5478	28 
5479	3 
5480	3 
5481	23 
5482	12 
5483	1 
5484	16 
5485	19 
5486	5 
5487	13 
5488	25 
5489	15 
5490	6 
5491	5 
5492	28 
5493	16 
5494	19 
5495	29 
5496	8 
5497	5 
5498	11 
5499	11 
5500	7 
5501	14 
5502	9 
5503	15 
5504	27 
5505	13 
5506	16 
5507	25 
5508	1 
5509	16 
5510	29 
5511	29 
5512	15 
5513	1 
5514	29 
5515	10 
5516	8 
5517	14 
5518	4 
5519	25 
5520	9 
5521	16 
5522	26 
5523	16 
5524	22 
5525	17 
5526	18 
5527	22 
5528	20 
5529	2 
5530	13 
5531	3 
5532	12 
5533	8 
5534	22 
5535	27 
5536	21 
5537	21 
5538	7 
5539	1 
5540	10 
5541	27 
5542	23 
5543	12 
5544	26 
5545	7 
5546	12 
5547	26 
5548	18 
5549	1 
5550	17 
5551	1 
5552	17 
5553	25 
5554	7 
5555	19 
5556	26 
5557	5 
5558	24 
5559	5 
5560	8 
5561	4 
5562	24 
5563	27 
5564	8 
5565	24 
5566	28 
5567	14 
5568	5 
5569	24 
5570	25 
5571	23 
5572	24 
5573	8 
5574	19 
5575	11 
5576	12 
5577	18 
5578	5 
5579	15 
5580	15 
5581	6 
5582	6 
5583	18 
5584	1 
5585	25 
5586	5 
5587	18 
5588	19 
5589	13 
5590	7 
5591	18 
5592	6 
5593	14 
5594	9 
5595	24 
5596	19 
5597	23 
5598	13 
5599	4 
5600	12 
5601	3 
5602	25 
5603	11 
5604	29 
5605	20 
5606	5 
5607	17 
5608	3 
5609	21 
5610	6 
5611	3 
5612	17 
5613	29 
5614	2 
5615	13 
5616	13 
5617	18 
5618	20 
5619	25 
5620	23 
5621	22 
5622	27 
5623	6 
5624	25 
5625	5 
5626	11 
5627	6 
5628	7 
5629	18 
5630	2 
5631	27 
5632	18 
5633	14 
5634	10 
5635	6 
5636	18 
5637	27 
5638	19 
5639	27 
5640	16 
5641	17 
5642	20 
5643	10 
5644	27 
5645	10 
5646	4 
5647	15 
5648	7 
5649	21 
5650	7 
5651	25 
5652	28 
5653	29 
5654	3 
5655	18 
5656	16 
5657	17 
5658	18 
5659	22 
5660	2 
5661	19 
5662	10 
5663	6 
5664	28 
5665	11 
5666	15 
5667	24 
5668	21 
5669	15 
5670	11 
5671	17 
5672	23 
5673	26 
5674	16 
5675	1 
5676	7 
5677	6 
5678	25 
5679	10 
5680	4 
5681	29 
5682	19 
5683	6 
5684	22 
5685	14 
5686	21 
5687	23 
5688	3 
5689	16 
5690	21 
5691	14 
5692	26 
5693	12 
5694	22 
5695	2 
5696	5 
5697	20 
5698	25 
5699	5 
5700	10 
5701	28 
5702	28 
5703	9 
5704	24 
5705	8 
5706	13 
5707	16 
5708	7 
5709	27 
5710	21 
5711	5 
5712	14 
5713	7 
5714	14 
5715	14 
5716	16 
5717	14 
5718	18 
5719	3 
5720	26 
5721	27 
5722	12 
5723	12 
5724	27 
5725	24 
5726	6 
5727	20 
5728	23 
5729	23 
5730	7 
5731	25 
5732	26 
5733	21 
5734	26 
5735	29 
5736	1 
5737	22 
5738	21 
5739	12 
5740	3 
5741	2 
5742	21 
5743	24 
5744	6 
5745	24 
5746	20 
5747	25 
5748	7 
5749	25 
5750	12 
5751	9 
5752	5 
5753	26 
5754	21 
5755	28 
5756	22 
5757	26 
5758	6 
5759	7 
5760	24 
5761	23 
5762	15 
5763	12 
5764	9 
5765	21 
5766	17 
5767	24 
5768	18 
5769	7 
5770	8 
5771	11 
5772	17 
5773	27 
5774	24 
5775	21 
5776	15 
5777	22 
5778	23 
5779	17 
5780	27 
5781	5 
5782	5 
5783	17 
5784	27 
5785	13 
5786	10 
5787	27 
5788	16 
5789	6 
5790	1 
5791	13 
5792	4 
5793	15 
5794	24 
5795	23 
5796	24 
5797	5 
5798	10 
5799	14 
5800	6 
5801	25 
5802	8 
5803	7 
5804	9 
5805	26 
5806	23 
5807	19 
5808	14 
5809	4 
5810	15 
5811	16 
5812	14 
5813	21 
5814	9 
5815	13 
5816	5 
5817	1 
5818	24 
5819	5 
5820	21 
5821	18 
5822	17 
5823	17 
5824	27 
5825	3 
5826	25 
5827	12 
5828	27 
5829	27 
5830	22 
5831	7 
5832	12 
5833	26 
5834	15 
5835	27 
5836	12 
5837	14 
5838	12 
5839	10 
5840	25 
5841	2 
5842	11 
5843	28 
5844	11 
5845	21 
5846	3 
5847	25 
5848	21 
5849	25 
5850	15 
5851	13 
5852	21 
5853	19 
5854	29 
5855	19 
5856	28 
5857	18 
5858	10 
5859	20 
5860	19 
5861	27 
5862	26 
5863	10 
5864	13 
5865	18 
5866	4 
5867	1 
5868	15 
5869	20 
5870	29 
5871	2 
5872	5 
5873	15 
5874	16 
5875	1 
5876	16 
5877	27 
5878	3 
5879	6 
5880	18 
5881	28 
5882	27 
5883	20 
5884	18 
5885	8 
5886	28 
5887	4 
5888	25 
5889	26 
5890	6 
5891	29 
5892	14 
5893	18 
5894	21 
5895	25 
5896	16 
5897	28 
5898	3 
5899	16 
5900	29 
5901	28 
5902	2 
5903	2 
5904	14 
5905	14 
5906	6 
5907	7 
5908	10 
5909	16 
5910	26 
5911	26 
5912	18 
5913	9 
5914	25 
5915	12 
5916	27 
5917	20 
5918	27 
5919	29 
5920	24 
5921	25 
5922	10 
5923	18 
5924	12 
5925	15 
5926	10 
5927	8 
5928	12 
5929	5 
5930	24 
5931	25 
5932	28 
5933	21 
5934	1 
5935	26 
5936	28 
5937	15 
5938	14 
5939	17 
5940	17 
5941	23 
5942	25 
5943	6 
5944	21 
5945	26 
5946	3 
5947	2 
5948	12 
5949	4 
5950	24 
5951	2 
5952	15 
5953	14 
5954	5 
5955	22 
5956	2 
5957	13 
5958	18 
5959	27 
5960	14 
5961	17 
5962	12 
5963	27 
5964	7 
5965	6 
5966	29 
5967	26 
5968	18 
5969	28 
5970	19 
5971	13 
5972	25 
5973	25 
5974	21 
5975	15 
5976	4 
5977	13 
5978	28 
5979	8 
5980	1 
5981	24 
5982	25 
5983	28 
5984	15 
5985	27 
5986	20 
5987	25 
5988	15 
5989	11 
5990	5 
5991	6 
5992	14 
5993	20 
5994	25 
5995	29 
5996	4 
5997	3 
5998	7 
5999	16 
6000	10 
6001	26 
6002	26 
6003	7 
6004	21 
6005	20 
6006	29 
6007	18 
6008	14 
6009	13 
6010	21 
6011	7 
6012	21 
6013	27 
6014	28 
6015	27 
6016	24 
6017	29 
6018	11 
6019	24 
6020	27 
6021	26 
6022	27 
6023	17 
6024	13 
6025	7 
6026	26 
6027	25 
6028	24 
6029	4 
6030	16 
6031	6 
6032	8 
6033	12 
6034	4 
6035	9 
6036	18 
6037	20 
6038	29 
6039	29 
6040	18 
6041	13 
6042	15 
6043	14 
6044	7 
6045	25 
6046	28 
6047	15 
6048	19 
6049	24 
6050	8 
6051	5 
6052	1 
6053	5 
6054	1 
6055	19 
6056	21 
6057	9 
6058	17 
6059	15 
6060	5 
6061	29 
6062	8 
6063	27 
6064	12 
6065	6 
6066	22 
6067	22 
6068	13 
6069	2 
6070	17 
6071	20 
6072	15 
6073	21 
6074	13 
6075	27 
6076	29 
6077	17 
6078	15 
6079	14 
6080	6 
6081	3 
6082	12 
6083	29 
6084	18 
6085	22 
6086	16 
6087	10 
6088	15 
6089	28 
6090	1 
6091	16 
6092	8 
6093	26 
6094	22 
6095	23 
6096	18 
6097	14 
6098	19 
6099	2 
6100	5 
6101	14 
6102	7 
6103	25 
6104	23 
6105	27 
6106	20 
6107	10 
6108	14 
6109	21 
6110	16 
6111	28 
6112	6 
6113	11 
6114	3 
6115	6 
6116	26 
6117	25 
6118	27 
6119	21 
6120	20 
6121	29 
6122	14 
6123	29 
6124	21 
6125	6 
6126	2 
6127	12 
6128	14 
6129	5 
6130	24 
6131	5 
6132	7 
6133	6 
6134	23 
6135	13 
6136	9 
6137	7 
6138	12 
6139	28 
6140	8 
6141	24 
6142	11 
6143	18 
6144	2 
6145	9 
6146	20 
6147	16 
6148	12 
6149	5 
6150	17 
6151	16 
6152	18 
6153	14 
6154	10 
6155	21 
6156	14 
6157	12 
6158	27 
6159	7 
6160	23 
6161	6 
6162	25 
6163	2 
6164	6 
6165	3 
6166	18 
6167	23 
6168	6 
6169	16 
6170	8 
6171	27 
6172	22 
6173	7 
6174	10 
6175	25 
6176	4 
6177	1 
6178	12 
6179	17 
6180	20 
6181	26 
6182	7 
6183	28 
6184	21 
6185	24 
6186	7 
6187	7 
6188	16 
6189	13 
6190	5 
6191	5 
6192	17 
6193	16 
6194	17 
6195	7 
6196	25 
6197	4 
6198	7 
6199	17 
6200	13 
6201	4 
6202	7 
6203	22 
6204	9 
6205	24 
6206	25 
6207	12 
6208	18 
6209	12 
6210	18 
6211	15 
6212	6 
6213	12 
6214	7 
6215	28 
6216	5 
6217	26 
6218	23 
6219	18 
6220	14 
6221	18 
6222	22 
6223	11 
6224	10 
6225	21 
6226	7 
6227	14 
6228	14 
6229	12 
6230	7 
6231	10 
6232	7 
6233	25 
6234	15 
6235	14 
6236	14 
6237	11 
6238	25 
6239	29 
6240	27 
6241	17 
6242	25 
6243	26 
6244	9 
6245	2 
6246	21 
6247	17 
6248	13 
6249	28 
6250	19 
6251	20 
6252	12 
6253	15 
6254	6 
6255	18 
6256	25 
6257	16 
6258	10 
6259	19 
6260	16 
6261	19 
6262	27 
6263	8 
6264	13 
6265	19 
6266	6 
6267	26 
6268	7 
6269	1 
6270	1 
6271	17 
6272	24 
6273	17 
6274	2 
6275	6 
6276	13 
6277	20 
6278	24 
6279	7 
6280	15 
6281	15 
6282	1 
6283	14 
6284	29 
6285	20 
6286	5 
6287	21 
6288	2 
6289	4 
6290	28 
6291	10 
6292	3 
6293	2 
6294	12 
6295	26 
6296	10 
6297	26 
6298	23 
6299	3 
6300	29 
6301	24 
6302	8 
6303	2 
6304	17 
6305	11 
6306	5 
6307	24 
6308	24 
6309	13 
6310	19 
6311	7 
6312	13 
6313	9 
6314	24 
6315	17 
6316	9 
6317	17 
6318	12 
6319	2 
6320	7 
6321	19 
6322	16 
6323	14 
6324	5 
6325	23 
6326	6 
6327	20 
6328	4 
6329	20 
6330	18 
6331	6 
6332	12 
6333	15 
6334	5 
6335	15 
6336	13 
6337	18 
6338	29 
6339	18 
6340	29 
6341	17 
6342	28 
6343	7 
6344	17 
6345	27 
6346	13 
6347	27 
6348	10 
6349	21 
6350	2 
6351	21 
6352	28 
6353	16 
6354	11 
6355	28 
6356	21 
6357	8 
6358	26 
6359	25 
6360	4 
6361	13 
6362	25 
6363	24 
6364	29 
6365	12 
6366	1 
6367	24 
6368	15 
6369	13 
6370	6 
6371	13 
6372	20 
6373	16 
6374	7 
6375	15 
6376	25 
6377	13 
6378	17 
6379	2 
6380	21 
6381	24 
6382	14 
6383	22 
6384	18 
6385	29 
6386	16 
6387	1 
6388	25 
6389	19 
6390	2 
6391	27 
6392	5 
6393	5 
6394	16 
6395	23 
6396	4 
6397	7 
6398	2 
6399	12 
6400	17 
6401	15 
6402	6 
6403	25 
6404	4 
6405	13 
6406	3 
6407	7 
6408	14 
6409	25 
6410	20 
6411	17 
6412	12 
6413	25 
6414	5 
6415	9 
6416	8 
6417	17 
6418	20 
6419	28 
6420	26 
6421	29 
6422	14 
6423	7 
6424	28 
6425	4 
6426	28 
6427	26 
6428	24 
6429	17 
6430	12 
6431	23 
6432	23 
6433	27 
6434	16 
6435	23 
6436	4 
6437	12 
6438	7 
6439	17 
6440	7 
6441	19 
6442	23 
6443	28 
6444	21 
6445	25 
6446	22 
6447	4 
6448	17 
6449	17 
6450	18 
6451	6 
6452	5 
6453	29 
6454	20 
6455	12 
6456	29 
6457	21 
6458	9 
6459	7 
6460	12 
6461	13 
6462	3 
6463	5 
6464	15 
6465	28 
6466	3 
6467	3 
6468	21 
6469	26 
6470	18 
6471	27 
6472	27 
6473	28 
6474	16 
6475	28 
6476	27 
6477	18 
6478	18 
6479	6 
6480	10 
6481	13 
6482	27 
6483	26 
6484	14 
6485	7 
6486	29 
6487	21 
6488	19 
6489	12 
6490	5 
6491	17 
6492	22 
6493	17 
6494	8 
6495	26 
6496	21 
6497	20 
6498	21 
6499	8 
6500	21 
6501	28 
6502	26 
6503	15 
6504	29 
6505	20 
6506	11 
6507	10 
6508	1 
6509	15 
6510	3 
6511	28 
6512	17 
6513	26 
6514	29 
6515	11 
6516	12 
6517	4 
6518	23 
6519	16 
6520	12 
6521	1 
6522	3 
6523	25 
6524	27 
6525	5 
6526	16 
6527	28 
6528	25 
6529	23 
6530	27 
6531	24 
6532	2 
6533	20 
6534	8 
6535	28 
6536	25 
6537	25 
6538	27 
6539	19 
6540	5 
6541	20 
6542	18 
6543	10 
6544	21 
6545	23 
6546	29 
6547	27 
6548	1 
6549	6 
6550	5 
6551	23 
6552	28 
6553	23 
6554	4 
6555	7 
6556	27 
6557	2 
6558	17 
6559	19 
6560	25 
6561	18 
6562	2 
6563	9 
6564	13 
6565	24 
6566	9 
6567	19 
6568	23 
6569	17 
6570	9 
6571	13 
6572	18 
6573	26 
6574	21 
6575	3 
6576	23 
6577	5 
6578	3 
6579	14 
6580	5 
6581	26 
6582	10 
6583	29 
6584	18 
6585	11 
6586	28 
6587	16 
6588	19 
6589	15 
6590	14 
6591	10 
6592	17 
6593	10 
6594	11 
6595	7 
6596	15 
6597	12 
6598	12 
6599	7 
6600	16 
6601	22 
6602	2 
6603	16 
6604	18 
6605	20 
6606	28 
6607	13 
6608	3 
6609	12 
6610	24 
6611	24 
6612	2 
6613	6 
6614	19 
6615	9 
6616	29 
6617	5 
6618	29 
6619	4 
6620	11 
6621	1 
6622	6 
6623	27 
6624	9 
6625	11 
6626	24 
6627	24 
6628	19 
6629	26 
6630	24 
6631	26 
6632	1 
6633	20 
6634	5 
6635	5 
6636	25 
6637	18 
6638	20 
6639	28 
6640	15 
6641	12 
6642	7 
6643	11 
6644	14 
6645	17 
6646	5 
6647	2 
6648	24 
6649	10 
6650	17 
6651	20 
6652	8 
6653	8 
6654	7 
6655	27 
6656	18 
6657	19 
6658	4 
6659	11 
6660	26 
6661	20 
6662	6 
6663	18 
6664	26 
6665	21 
6666	18 
6667	27 
6668	4 
6669	28 
6670	18 
6671	24 
6672	6 
6673	8 
6674	29 
6675	13 
6676	7 
6677	16 
6678	29 
6679	26 
6680	19 
6681	3 
6682	16 
6683	25 
6684	24 
6685	21 
6686	13 
6687	11 
6688	14 
6689	5 
6690	2 
6691	12 
6692	23 
6693	5 
6694	5 
6695	5 
6696	21 
6697	7 
6698	10 
6699	11 
6700	29 
6701	15 
6702	5 
6703	12 
6704	16 
6705	18 
6706	12 
6707	25 
6708	29 
6709	25 
6710	5 
6711	11 
6712	29 
6713	8 
6714	12 
6715	24 
6716	15 
6717	20 
6718	24 
6719	15 
6720	18 
6721	27 
6722	24 
6723	17 
6724	19 
6725	13 
6726	29 
6727	13 
6728	23 
6729	28 
6730	1 
6731	12 
6732	15 
6733	21 
6734	3 
6735	26 
6736	4 
6737	25 
6738	1 
6739	17 
6740	13 
6741	20 
6742	12 
6743	17 
6744	21 
6745	12 
6746	12 
6747	6 
6748	29 
6749	23 
6750	16 
6751	18 
6752	4 
6753	10 
6754	26 
6755	29 
6756	19 
6757	28 
6758	14 
6759	3 
6760	2 
6761	15 
6762	24 
6763	10 
6764	12 
6765	5 
6766	4 
6767	25 
6768	6 
6769	23 
6770	7 
6771	21 
6772	24 
6773	15 
6774	10 
6775	25 
6776	17 
6777	22 
6778	18 
6779	24 
6780	18 
6781	1 
6782	25 
6783	1 
6784	14 
6785	5 
6786	13 
6787	10 
6788	15 
6789	12 
6790	21 
6791	26 
6792	2 
6793	4 
6794	11 
6795	18 
6796	7 
6797	6 
6798	15 
6799	18 
6800	9 
6801	12 
6802	11 
6803	26 
6804	29 
6805	7 
6806	23 
6807	19 
6808	15 
6809	4 
6810	19 
6811	12 
6812	1 
6813	10 
6814	17 
6815	20 
6816	2 
6817	5 
6818	24 
6819	25 
6820	6 
6821	18 
6822	3 
6823	1 
6824	20 
6825	7 
6826	11 
6827	14 
6828	10 
6829	8 
6830	23 
6831	16 
6832	20 
6833	18 
6834	14 
6835	23 
6836	25 
6837	16 
6838	22 
6839	11 
6840	22 
6841	10 
6842	25 
6843	25 
6844	2 
6845	25 
6846	28 
6847	5 
6848	20 
6849	12 
6850	17 
6851	6 
6852	11 
6853	18 
6854	22 
6855	21 
6856	22 
6857	7 
6858	1 
6859	25 
6860	29 
6861	8 
6862	25 
6863	6 
6864	12 
6865	17 
6866	27 
6867	14 
6868	14 
6869	25 
6870	25 
6871	25 
6872	29 
6873	20 
6874	1 
6875	18 
6876	14 
6877	5 
6878	27 
6879	25 
6880	7 
6881	20 
6882	24 
6883	8 
6884	12 
6885	6 
6886	19 
6887	11 
6888	19 
6889	28 
6890	24 
6891	18 
6892	27 
6893	18 
6894	19 
6895	27 
6896	1 
6897	21 
6898	21 
6899	24 
6900	15 
6901	6 
6902	26 
6903	16 
6904	8 
6905	11 
6906	1 
6907	11 
6908	25 
6909	23 
6910	27 
6911	1 
6912	25 
6913	5 
6914	8 
6915	5 
6916	8 
6917	20 
6918	24 
6919	15 
6920	27 
6921	27 
6922	7 
6923	24 
6924	7 
6925	17 
6926	26 
6927	5 
6928	17 
6929	5 
6930	25 
6931	14 
6932	29 
6933	26 
6934	10 
6935	2 
6936	25 
6937	13 
6938	2 
6939	14 
6940	15 
6941	3 
6942	14 
6943	2 
6944	3 
6945	28 
6946	2 
6947	21 
6948	15 
6949	25 
6950	6 
6951	18 
6952	7 
6953	12 
6954	16 
6955	6 
6956	19 
6957	3 
6958	16 
6959	7 
6960	12 
6961	12 
6962	13 
6963	24 
6964	26 
6965	16 
6966	2 
6967	14 
6968	7 
6969	25 
6970	6 
6971	16 
6972	10 
6973	27 
6974	10 
6975	28 
6976	8 
6977	15 
6978	12 
6979	1 
6980	29 
6981	5 
6982	13 
6983	11 
6984	21 
6985	20 
6986	6 
6987	11 
6988	28 
6989	17 
6990	27 
6991	16 
6992	6 
6993	7 
6994	8 
6995	13 
6996	5 
6997	4 
6998	21 
6999	28 
7000	1 
7001	12 
7002	22 
7003	23 
7004	16 
7005	24 
7006	7 
7007	20 
7008	28 
7009	10 
7010	18 
7011	28 
7012	27 
7013	14 
7014	13 
7015	5 
7016	15 
7017	21 
7018	11 
7019	25 
7020	23 
7021	5 
7022	12 
7023	27 
7024	25 
7025	22 
7026	6 
7027	25 
7028	16 
7029	5 
7030	29 
7031	10 
7032	28 
7033	25 
7034	24 
7035	28 
7036	6 
7037	1 
7038	15 
7039	12 
7040	12 
7041	5 
7042	10 
7043	18 
7044	5 
7045	16 
7046	10 
7047	20 
7048	28 
7049	29 
7050	1 
7051	22 
7052	18 
7053	18 
7054	12 
7055	7 
7056	7 
7057	10 
7058	22 
7059	29 
7060	2 
7061	18 
7062	2 
7063	5 
7064	16 
7065	28 
7066	18 
7067	22 
7068	12 
7069	11 
7070	13 
7071	7 
7072	10 
7073	26 
7074	25 
7075	3 
7076	14 
7077	11 
7078	12 
7079	27 
7080	28 
7081	18 
7082	26 
7083	23 
7084	15 
7085	17 
7086	22 
7087	7 
7088	25 
7089	22 
7090	3 
7091	6 
7092	1 
7093	2 
7094	20 
7095	11 
7096	8 
7097	15 
7098	7 
7099	9 
7100	3 
7101	8 
7102	22 
7103	26 
7104	2 
7105	22 
7106	5 
7107	15 
7108	1 
7109	22 
7110	1 
7111	22 
7112	12 
7113	15 
7114	22 
7115	16 
7116	8 
7117	6 
7118	17 
7119	1 
7120	15 
7121	26 
7122	6 
7123	14 
7124	9 
7125	29 
7126	28 
7127	25 
7128	3 
7129	29 
7130	1 
7131	25 
7132	26 
7133	6 
7134	22 
7135	26 
7136	4 
7137	21 
7138	24 
7139	27 
7140	19 
7141	24 
7142	1 
7143	27 
7144	17 
7145	10 
7146	15 
7147	19 
7148	3 
7149	29 
7150	27 
7151	15 
7152	15 
7153	16 
7154	13 
7155	8 
7156	6 
7157	24 
7158	21 
7159	22 
7160	20 
7161	28 
7162	26 
7163	10 
7164	24 
7165	18 
7166	24 
7167	16 
7168	29 
7169	29 
7170	29 
7171	18 
7172	28 
7173	26 
7174	19 
7175	26 
7176	16 
7177	7 
7178	12 
7179	21 
7180	13 
7181	4 
7182	18 
7183	8 
7184	3 
7185	22 
7186	1 
7187	5 
7188	23 
7189	25 
7190	5 
7191	20 
7192	12 
7193	25 
7194	8 
7195	25 
7196	24 
7197	10 
7198	25 
7199	5 
7200	3 
7201	28 
7202	26 
7203	19 
7204	15 
7205	7 
7206	13 
7207	4 
7208	21 
7209	10 
7210	16 
7211	27 
7212	16 
7213	4 
7214	2 
7215	4 
7216	19 
7217	13 
7218	6 
7219	6 
7220	8 
7221	25 
7222	29 
7223	26 
7224	13 
7225	3 
7226	12 
7227	5 
7228	17 
7229	7 
7230	6 
7231	1 
7232	2 
7233	27 
7234	12 
7235	7 
7236	25 
7237	17 
7238	27 
7239	28 
7240	10 
7241	11 
7242	20 
7243	18 
7244	23 
7245	11 
7246	2 
7247	28 
7248	29 
7249	1 
7250	16 
7251	21 
7252	26 
7253	9 
7254	8 
7255	10 
7256	21 
7257	5 
7258	21 
7259	24 
7260	5 
7261	18 
7262	10 
7263	28 
7264	1 
7265	20 
7266	8 
7267	19 
7268	13 
7269	19 
7270	1 
7271	18 
7272	8 
7273	23 
7274	12 
7275	16 
7276	13 
7277	17 
7278	21 
7279	17 
7280	29 
7281	2 
7282	29 
7283	29 
7284	22 
7285	17 
7286	11 
7287	20 
7288	15 
7289	18 
7290	7 
7291	10 
7292	4 
7293	5 
7294	7 
7295	25 
7296	25 
7297	25 
7298	2 
7299	4 
7300	19 
7301	16 
7302	21 
7303	8 
7304	20 
7305	25 
7306	17 
7307	8 
7308	28 
7309	6 
7310	5 
7311	16 
7312	16 
7313	7 
7314	25 
7315	15 
7316	12 
7317	26 
7318	15 
7319	23 
7320	6 
7321	5 
7322	25 
7323	10 
7324	13 
7325	2 
7326	20 
7327	17 
7328	28 
7329	2 
7330	5 
7331	23 
7332	14 
7333	26 
7334	28 
7335	18 
7336	19 
7337	17 
7338	25 
7339	15 
7340	4 
7341	8 
7342	26 
7343	29 
7344	20 
7345	16 
7346	29 
7347	20 
7348	19 
7349	13 
7350	19 
7351	12 
7352	19 
7353	29 
7354	23 
7355	26 
7356	17 
7357	1 
7358	26 
7359	21 
7360	10 
7361	5 
7362	24 
7363	12 
7364	1 
7365	27 
7366	25 
7367	5 
7368	21 
7369	14 
7370	6 
7371	12 
7372	21 
7373	11 
7374	11 
7375	16 
7376	11 
7377	17 
7378	17 
7379	17 
7380	13 
7381	7 
7382	15 
7383	15 
7384	28 
7385	11 
7386	24 
7387	14 
7388	21 
7389	22 
7390	13 
7391	18 
7392	3 
7393	4 
7394	15 
7395	10 
7396	15 
7397	29 
7398	24 
7399	18 
7400	24 
7401	22 
7402	13 
7403	23 
7404	13 
7405	9 
7406	4 
7407	16 
7408	24 
7409	25 
7410	12 
7411	19 
7412	8 
7413	6 
7414	2 
7415	5 
7416	6 
7417	3 
7418	23 
7419	13 
7420	14 
7421	1 
7422	11 
7423	7 
7424	12 
7425	5 
7426	24 
7427	22 
7428	12 
7429	24 
7430	24 
7431	27 
7432	21 
7433	15 
7434	2 
7435	29 
7436	17 
7437	14 
7438	1 
7439	13 
7440	9 
7441	9 
7442	24 
7443	10 
7444	18 
7445	2 
7446	14 
7447	9 
7448	10 
7449	15 
7450	25 
7451	15 
7452	26 
7453	20 
7454	21 
7455	11 
7456	16 
7457	25 
7458	10 
7459	16 
7460	7 
7461	7 
7462	2 
7463	13 
7464	22 
7465	12 
7466	6 
7467	4 
7468	4 
7469	20 
7470	24 
7471	26 
7472	24 
7473	24 
7474	4 
7475	6 
7476	17 
7477	25 
7478	4 
7479	12 
7480	18 
7481	13 
7482	26 
7483	25 
7484	21 
7485	27 
7486	22 
7487	15 
7488	28 
7489	5 
7490	24 
7491	22 
7492	17 
7493	27 
7494	29 
7495	19 
7496	7 
7497	24 
7498	17 
7499	7 
7500	19 
7501	14 
7502	5 
7503	10 
7504	8 
7505	22 
7506	9 
7507	12 
7508	18 
7509	17 
7510	9 
7511	15 
7512	2 
7513	15 
7514	18 
7515	8 
7516	2 
7517	7 
7518	12 
7519	23 
7520	11 
7521	1 
7522	7 
7523	19 
7524	27 
7525	20 
7526	16 
7527	6 
7528	22 
7529	22 
7530	23 
7531	18 
7532	8 
7533	12 
7534	7 
7535	4 
7536	4 
7537	27 
7538	25 
7539	16 
7540	21 
7541	3 
7542	28 
7543	19 
7544	15 
7545	20 
7546	22 
7547	6 
7548	28 
7549	5 
7550	19 
7551	3 
7552	18 
7553	17 
7554	24 
7555	11 
7556	23 
7557	2 
7558	18 
7559	20 
7560	19 
7561	13 
7562	12 
7563	4 
7564	15 
7565	4 
7566	21 
7567	22 
7568	7 
7569	20 
7570	25 
7571	21 
7572	23 
7573	17 
7574	22 
7575	25 
7576	8 
7577	10 
7578	14 
7579	16 
7580	12 
7581	19 
7582	15 
7583	19 
7584	5 
7585	12 
7586	12 
7587	3 
7588	21 
7589	21 
7590	27 
7591	4 
7592	9 
7593	21 
7594	19 
7595	24 
7596	24 
7597	8 
7598	5 
7599	6 
7600	22 
7601	18 
7602	25 
7603	25 
7604	24 
7605	16 
7606	3 
7607	14 
7608	11 
7609	21 
7610	19 
7611	7 
7612	17 
7613	14 
7614	14 
7615	16 
7616	3 
7617	26 
7618	18 
7619	20 
7620	28 
7621	22 
7622	13 
7623	9 
7624	29 
7625	25 
7626	17 
7627	21 
7628	26 
7629	25 
7630	10 
7631	5 
7632	6 
7633	10 
7634	7 
7635	11 
7636	21 
7637	2 
7638	11 
7639	14 
7640	28 
7641	29 
7642	4 
7643	18 
7644	24 
7645	7 
7646	15 
7647	13 
7648	13 
7649	24 
7650	1 
7651	17 
7652	16 
7653	8 
7654	21 
7655	1 
7656	26 
7657	24 
7658	16 
7659	13 
7660	25 
7661	25 
7662	20 
7663	24 
7664	15 
7665	23 
7666	15 
7667	17 
7668	14 
7669	29 
7670	25 
7671	13 
7672	4 
7673	14 
7674	20 
7675	25 
7676	9 
7677	19 
7678	16 
7679	22 
7680	14 
7681	25 
7682	4 
7683	11 
7684	17 
7685	10 
7686	10 
7687	8 
7688	16 
7689	15 
7690	24 
7691	19 
7692	25 
7693	10 
7694	6 
7695	16 
7696	7 
7697	18 
7698	15 
7699	29 
7700	8 
7701	12 
7702	29 
7703	3 
7704	22 
7705	14 
7706	17 
7707	16 
7708	7 
7709	13 
7710	25 
7711	27 
7712	21 
7713	24 
7714	1 
7715	19 
7716	6 
7717	12 
7718	5 
7719	25 
7720	24 
7721	18 
7722	10 
7723	28 
7724	25 
7725	20 
7726	17 
7727	21 
7728	5 
7729	10 
7730	29 
7731	19 
7732	21 
7733	28 
7734	27 
7735	9 
7736	25 
7737	5 
7738	17 
7739	16 
7740	12 
7741	26 
7742	5 
7743	6 
7744	2 
7745	13 
7746	26 
7747	19 
7748	27 
7749	29 
7750	15 
7751	22 
7752	16 
7753	16 
7754	22 
7755	8 
7756	27 
7757	25 
7758	15 
7759	17 
7760	24 
7761	24 
7762	13 
7763	17 
7764	14 
7765	21 
7766	29 
7767	15 
7768	26 
7769	7 
7770	22 
7771	7 
7772	12 
7773	27 
7774	23 
7775	9 
7776	17 
7777	18 
7778	13 
7779	16 
7780	5 
7781	15 
7782	15 
7783	3 
7784	15 
7785	20 
7786	8 
7787	19 
7788	15 
7789	14 
7790	26 
7791	17 
7792	28 
7793	14 
7794	10 
7795	21 
7796	18 
7797	29 
7798	15 
7799	18 
7800	12 
7801	22 
7802	20 
7803	1 
7804	18 
7805	28 
7806	17 
7807	7 
7808	4 
7809	18 
7810	4 
7811	21 
7812	27 
7813	11 
7814	29 
7815	18 
7816	7 
7817	9 
7818	25 
7819	11 
7820	15 
7821	29 
7822	20 
7823	25 
7824	27 
7825	28 
7826	26 
7827	26 
7828	13 
7829	1 
7830	14 
7831	3 
7832	14 
7833	22 
7834	11 
7835	22 
7836	12 
7837	16 
7838	17 
7839	15 
7840	2 
7841	15 
7842	25 
7843	14 
7844	22 
7845	7 
7846	24 
7847	23 
7848	28 
7849	11 
7850	12 
7851	11 
7852	25 
7853	22 
7854	15 
7855	25 
7856	18 
7857	16 
7858	8 
7859	14 
7860	24 
7861	18 
7862	4 
7863	21 
7864	14 
7865	3 
7866	26 
7867	16 
7868	21 
7869	16 
7870	15 
7871	19 
7872	16 
7873	3 
7874	10 
7875	24 
7876	27 
7877	18 
7878	12 
7879	27 
7880	28 
7881	7 
7882	13 
7883	4 
7884	11 
7885	21 
7886	22 
7887	15 
7888	12 
7889	17 
7890	11 
7891	9 
7892	21 
7893	7 
7894	7 
7895	16 
7896	20 
7897	15 
7898	1 
7899	9 
7900	17 
7901	16 
7902	11 
7903	15 
7904	18 
7905	19 
7906	21 
7907	15 
7908	27 
7909	25 
7910	15 
7911	15 
7912	7 
7913	19 
7914	24 
7915	11 
7916	28 
7917	26 
7918	15 
7919	17 
7920	5 
7921	18 
7922	21 
7923	6 
7924	5 
7925	14 
7926	18 
7927	29 
7928	16 
7929	13 
7930	10 
7931	28 
7932	12 
7933	13 
7934	12 
7935	14 
7936	17 
7937	27 
7938	28 
7939	15 
7940	13 
7941	22 
7942	6 
7943	2 
7944	6 
7945	16 
7946	14 
7947	2 
7948	3 
7949	20 
7950	15 
7951	16 
7952	6 
7953	22 
7954	17 
7955	10 
7956	20 
7957	1 
7958	25 
7959	11 
7960	28 
7961	8 
7962	6 
7963	6 
7964	16 
7965	3 
7966	15 
7967	12 
7968	18 
7969	16 
7970	18 
7971	24 
7972	26 
7973	26 
7974	20 
7975	16 
7976	28 
7977	5 
7978	2 
7979	24 
7980	16 
7981	27 
7982	10 
7983	9 
7984	8 
7985	13 
7986	27 
7987	17 
7988	24 
7989	2 
7990	3 
7991	8 
7992	13 
7993	12 
7994	7 
7995	15 
7996	25 
7997	4 
7998	24 
7999	29 
8000	3 
8001	26 
8002	6 
8003	13 
8004	1 
8005	11 
8006	10 
8007	10 
8008	24 
8009	9 
8010	25 
8011	17 
8012	12 
8013	22 
8014	18 
8015	28 
8016	22 
8017	22 
8018	18 
8019	9 
8020	10 
8021	2 
8022	8 
8023	14 
8024	14 
8025	27 
8026	28 
8027	16 
8028	6 
8029	22 
8030	20 
8031	16 
8032	7 
8033	24 
8034	10 
8035	1 
8036	7 
8037	25 
8038	8 
8039	3 
8040	7 
8041	14 
8042	26 
8043	24 
8044	18 
8045	12 
8046	25 
8047	12 
8048	12 
8049	5 
8050	13 
8051	5 
8052	21 
8053	10 
8054	28 
8055	9 
8056	20 
8057	24 
8058	27 
8059	18 
8060	17 
8061	10 
8062	24 
8063	15 
8064	2 
8065	15 
8066	17 
8067	10 
8068	26 
8069	8 
8070	7 
8071	4 
8072	22 
8073	5 
8074	15 
8075	17 
8076	5 
8077	7 
8078	25 
8079	13 
8080	19 
8081	26 
8082	11 
8083	2 
8084	19 
8085	16 
8086	28 
8087	1 
8088	29 
8089	24 
8090	27 
8091	18 
8092	9 
8093	1 
8094	14 
8095	21 
8096	29 
8097	1 
8098	25 
8099	15 
8100	3 
8101	19 
8102	24 
8103	15 
8104	5 
8105	7 
8106	27 
8107	6 
8108	24 
8109	27 
8110	25 
8111	14 
8112	29 
8113	18 
8114	4 
8115	5 
8116	14 
8117	11 
8118	29 
8119	24 
8120	26 
8121	19 
8122	13 
8123	20 
8124	23 
8125	17 
8126	26 
8127	14 
8128	7 
8129	4 
8130	11 
8131	18 
8132	17 
8133	4 
8134	29 
8135	3 
8136	17 
8137	4 
8138	21 
8139	7 
8140	17 
8141	14 
8142	20 
8143	12 
8144	7 
8145	7 
8146	15 
8147	24 
8148	6 
8149	16 
8150	8 
8151	25 
8152	18 
8153	18 
8154	1 
8155	17 
8156	16 
8157	9 
8158	6 
8159	13 
8160	19 
8161	7 
8162	29 
8163	17 
8164	28 
8165	24 
8166	1 
8167	25 
8168	6 
8169	22 
8170	4 
8171	29 
8172	3 
8173	13 
8174	23 
8175	12 
8176	24 
8177	7 
8178	10 
8179	24 
8180	28 
8181	29 
8182	21 
8183	6 
8184	20 
8185	4 
8186	19 
8187	26 
8188	5 
8189	20 
8190	13 
8191	12 
8192	24 
8193	25 
8194	14 
8195	12 
8196	26 
8197	23 
8198	26 
8199	18 
8200	7 
8201	14 
8202	5 
8203	14 
8204	17 
8205	14 
8206	9 
8207	13 
8208	21 
8209	17 
8210	15 
8211	17 
8212	2 
8213	28 
8214	25 
8215	19 
8216	12 
8217	25 
8218	25 
8219	2 
8220	14 
8221	16 
8222	15 
8223	13 
8224	13 
8225	17 
8226	18 
8227	13 
8228	12 
8229	11 
8230	23 
8231	16 
8232	3 
8233	27 
8234	29 
8235	19 
8236	23 
8237	21 
8238	10 
8239	3 
8240	24 
8241	19 
8242	15 
8243	1 
8244	8 
8245	12 
8246	24 
8247	21 
8248	6 
8249	17 
8250	13 
8251	25 
8252	14 
8253	4 
8254	12 
8255	18 
8256	29 
8257	5 
8258	17 
8259	29 
8260	11 
8261	26 
8262	7 
8263	21 
8264	19 
8265	28 
8266	22 
8267	8 
8268	27 
8269	14 
8270	28 
8271	17 
8272	14 
8273	25 
8274	26 
8275	1 
8276	15 
8277	27 
8278	24 
8279	19 
8280	7 
8281	4 
8282	25 
8283	22 
8284	24 
8285	24 
8286	18 
8287	24 
8288	23 
8289	18 
8290	29 
8291	28 
8292	27 
8293	14 
8294	18 
8295	8 
8296	16 
8297	22 
8298	28 
8299	8 
8300	13 
8301	2 
8302	17 
8303	23 
8304	8 
8305	18 
8306	7 
8307	4 
8308	23 
8309	7 
8310	29 
8311	21 
8312	17 
8313	24 
8314	24 
8315	7 
8316	24 
8317	25 
8318	6 
8319	1 
8320	16 
8321	26 
8322	4 
8323	21 
8324	9 
8325	15 
8326	12 
8327	6 
8328	26 
8329	12 
8330	4 
8331	15 
8332	25 
8333	24 
8334	11 
8335	5 
8336	7 
8337	13 
8338	21 
8339	16 
8340	15 
8341	28 
8342	3 
8343	17 
8344	3 
8345	29 
8346	14 
8347	16 
8348	11 
8349	21 
8350	25 
8351	16 
8352	9 
8353	28 
8354	3 
8355	1 
8356	16 
8357	15 
8358	7 
8359	15 
8360	22 
8361	4 
8362	4 
8363	1 
8364	12 
8365	10 
8366	6 
8367	12 
8368	13 
8369	15 
8370	7 
8371	17 
8372	29 
8373	12 
8374	27 
8375	23 
8376	25 
8377	6 
8378	18 
8379	7 
8380	20 
8381	25 
8382	25 
8383	28 
8384	10 
8385	27 
8386	22 
8387	7 
8388	5 
8389	18 
8390	24 
8391	15 
8392	27 
8393	17 
8394	20 
8395	3 
8396	29 
8397	28 
8398	25 
8399	7 
8400	12 
8401	4 
8402	24 
8403	7 
8404	29 
8405	27 
8406	2 
8407	18 
8408	14 
8409	12 
8410	21 
8411	17 
8412	5 
8413	3 
8414	3 
8415	25 
8416	21 
8417	28 
8418	13 
8419	10 
8420	5 
8421	16 
8422	13 
8423	18 
8424	14 
8425	25 
8426	25 
8427	26 
8428	24 
8429	23 
8430	21 
8431	10 
8432	23 
8433	17 
8434	19 
8435	15 
8436	12 
8437	12 
8438	28 
8439	17 
8440	16 
8441	7 
8442	29 
8443	9 
8444	11 
8445	22 
8446	17 
8447	10 
8448	5 
8449	24 
8450	12 
8451	24 
8452	23 
8453	9 
8454	18 
8455	12 
8456	26 
8457	28 
8458	26 
8459	6 
8460	21 
8461	20 
8462	22 
8463	21 
8464	7 
8465	18 
8466	13 
8467	5 
8468	26 
8469	8 
8470	26 
8471	12 
8472	24 
8473	28 
8474	1 
8475	10 
8476	9 
8477	26 
8478	12 
8479	13 
8480	29 
8481	2 
8482	29 
8483	19 
8484	26 
8485	3 
8486	14 
8487	7 
8488	6 
8489	17 
8490	2 
8491	9 
8492	6 
8493	20 
8494	26 
8495	26 
8496	14 
8497	18 
8498	25 
8499	15 
8500	18 
8501	15 
8502	14 
8503	13 
8504	24 
8505	19 
8506	23 
8507	20 
8508	7 
8509	27 
8510	18 
8511	29 
8512	23 
8513	27 
8514	27 
8515	24 
8516	29 
8517	29 
8518	7 
8519	5 
8520	28 
8521	5 
8522	15 
8523	4 
8524	28 
8525	8 
8526	14 
8527	13 
8528	16 
8529	18 
8530	1 
8531	10 
8532	7 
8533	10 
8534	5 
8535	13 
8536	10 
8537	7 
8538	15 
8539	20 
8540	25 
8541	5 
8542	5 
8543	27 
8544	1 
8545	14 
8546	25 
8547	14 
8548	20 
8549	24 
8550	19 
8551	15 
8552	18 
8553	15 
8554	20 
8555	17 
8556	11 
8557	17 
8558	17 
8559	26 
8560	17 
8561	13 
8562	8 
8563	29 
8564	5 
8565	1 
8566	24 
8567	9 
8568	8 
8569	26 
8570	5 
8571	12 
8572	16 
8573	2 
8574	23 
8575	21 
8576	21 
8577	5 
8578	26 
8579	23 
8580	10 
8581	17 
8582	12 
8583	22 
8584	25 
8585	28 
8586	18 
8587	7 
8588	10 
8589	24 
8590	17 
8591	4 
8592	14 
8593	7 
8594	21 
8595	20 
8596	10 
8597	26 
8598	12 
8599	7 
8600	8 
8601	8 
8602	21 
8603	21 
8604	6 
8605	2 
8606	8 
8607	15 
8608	5 
8609	26 
8610	7 
8611	21 
8612	27 
8613	28 
8614	20 
8615	5 
8616	27 
8617	7 
8618	17 
8619	11 
8620	5 
8621	16 
8622	25 
8623	11 
8624	25 
8625	22 
8626	17 
8627	16 
8628	23 
8629	24 
8630	27 
8631	13 
8632	23 
8633	8 
8634	19 
8635	28 
8636	1 
8637	25 
8638	19 
8639	14 
8640	18 
8641	23 
8642	12 
8643	7 
8644	20 
8645	12 
8646	10 
8647	7 
8648	14 
8649	7 
8650	25 
8651	7 
8652	19 
8653	19 
8654	28 
8655	15 
8656	14 
8657	6 
8658	21 
8659	23 
8660	15 
8661	21 
8662	22 
8663	24 
8664	28 
8665	21 
8666	28 
8667	22 
8668	21 
8669	9 
8670	15 
8671	9 
8672	20 
8673	3 
8674	18 
8675	7 
8676	16 
8677	1 
8678	7 
8679	8 
8680	28 
8681	11 
8682	3 
8683	16 
8684	29 
8685	12 
8686	1 
8687	23 
8688	22 
8689	25 
8690	25 
8691	15 
8692	12 
8693	7 
8694	6 
8695	26 
8696	29 
8697	12 
8698	23 
8699	18 
8700	15 
8701	22 
8702	17 
8703	7 
8704	22 
8705	19 
8706	13 
8707	13 
8708	12 
8709	8 
8710	28 
8711	8 
8712	7 
8713	28 
8714	29 
8715	23 
8716	18 
8717	27 
8718	28 
8719	11 
8720	7 
8721	15 
8722	21 
8723	11 
8724	18 
8725	12 
8726	25 
8727	7 
8728	6 
8729	28 
8730	27 
8731	10 
8732	15 
8733	15 
8734	25 
8735	5 
8736	10 
8737	11 
8738	16 
8739	2 
8740	24 
8741	14 
8742	18 
8743	10 
8744	22 
8745	12 
8746	13 
8747	18 
8748	23 
8749	16 
8750	24 
8751	17 
8752	15 
8753	4 
8754	3 
8755	26 
8756	26 
8757	27 
8758	16 
8759	4 
8760	1 
8761	23 
8762	23 
8763	6 
8764	15 
8765	8 
8766	8 
8767	21 
8768	24 
8769	16 
8770	29 
8771	21 
8772	12 
8773	3 
8774	23 
8775	13 
8776	19 
8777	11 
8778	23 
8779	28 
8780	10 
8781	19 
8782	7 
8783	1 
8784	23 
8785	6 
8786	21 
8787	21 
8788	19 
8789	2 
8790	17 
8791	5 
8792	24 
8793	4 
8794	12 
8795	12 
8796	9 
8797	24 
8798	18 
8799	14 
8800	14 
8801	26 
8802	18 
8803	29 
8804	7 
8805	26 
8806	13 
8807	12 
8808	19 
8809	4 
8810	17 
8811	7 
8812	8 
8813	15 
8814	24 
8815	5 
8816	29 
8817	24 
8818	18 
8819	9 
8820	25 
8821	21 
8822	25 
8823	2 
8824	3 
8825	10 
8826	24 
8827	13 
8828	8 
8829	3 
8830	23 
8831	25 
8832	14 
8833	1 
8834	14 
8835	24 
8836	4 
8837	16 
8838	26 
8839	5 
8840	15 
8841	5 
8842	29 
8843	23 
8844	14 
8845	17 
8846	15 
8847	12 
8848	12 
8849	25 
8850	7 
8851	10 
8852	24 
8853	13 
8854	16 
8855	12 
8856	9 
8857	8 
8858	13 
8859	7 
8860	10 
8861	27 
8862	25 
8863	15 
8864	29 
8865	15 
8866	10 
8867	23 
8868	11 
8869	27 
8870	2 
8871	15 
8872	23 
8873	25 
8874	15 
8875	25 
8876	18 
8877	8 
8878	13 
8879	17 
8880	27 
8881	29 
8882	4 
8883	26 
8884	22 
8885	16 
8886	26 
8887	26 
8888	5 
8889	17 
8890	16 
8891	6 
8892	13 
8893	21 
8894	29 
8895	11 
8896	13 
8897	12 
8898	3 
8899	17 
8900	9 
8901	6 
8902	26 
8903	26 
8904	4 
8905	6 
8906	16 
8907	6 
8908	21 
8909	9 
8910	3 
8911	25 
8912	13 
8913	3 
8914	12 
8915	12 
8916	10 
8917	14 
8918	8 
8919	28 
8920	10 
8921	28 
8922	21 
8923	6 
8924	13 
8925	21 
8926	14 
8927	11 
8928	1 
8929	27 
8930	3 
8931	8 
8932	13 
8933	24 
8934	7 
8935	2 
8936	9 
8937	15 
8938	28 
8939	25 
8940	5 
8941	26 
8942	7 
8943	4 
8944	25 
8945	9 
8946	8 
8947	15 
8948	10 
8949	25 
8950	7 
8951	20 
8952	18 
8953	8 
8954	18 
8955	22 
8956	10 
8957	12 
8958	12 
8959	2 
8960	15 
8961	20 
8962	2 
8963	6 
8964	27 
8965	10 
8966	27 
8967	19 
8968	20 
8969	16 
8970	15 
8971	7 
8972	29 
8973	12 
8974	24 
8975	11 
8976	18 
8977	17 
8978	18 
8979	7 
8980	2 
8981	25 
8982	5 
8983	6 
8984	15 
8985	8 
8986	27 
8987	17 
8988	16 
8989	17 
8990	6 
8991	17 
8992	25 
8993	27 
8994	7 
8995	19 
8996	19 
8997	21 
8998	10 
8999	16 
9000	11 
9001	27 
9002	7 
9003	28 
9004	7 
9005	10 
9006	17 
9007	28 
9008	10 
9009	18 
9010	6 
9011	29 
9012	22 
9013	12 
9014	4 
9015	4 
9016	16 
9017	7 
9018	2 
9019	8 
9020	18 
9021	7 
9022	16 
9023	15 
9024	19 
9025	7 
9026	14 
9027	18 
9028	3 
9029	20 
9030	20 
9031	20 
9032	23 
9033	16 
9034	15 
9035	17 
9036	17 
9037	16 
9038	22 
9039	10 
9040	28 
9041	15 
9042	16 
9043	23 
9044	17 
9045	6 
9046	1 
9047	14 
9048	19 
9049	14 
9050	4 
9051	23 
9052	28 
9053	12 
9054	16 
9055	11 
9056	1 
9057	26 
9058	18 
9059	15 
9060	25 
9061	3 
9062	10 
9063	28 
9064	13 
9065	2 
9066	19 
9067	6 
9068	1 
9069	7 
9070	12 
9071	3 
9072	10 
9073	25 
9074	19 
9075	7 
9076	1 
9077	6 
9078	19 
9079	17 
9080	4 
9081	18 
9082	2 
9083	2 
9084	2 
9085	6 
9086	24 
9087	18 
9088	25 
9089	28 
9090	20 
9091	9 
9092	17 
9093	14 
9094	12 
9095	5 
9096	15 
9097	15 
9098	27 
9099	14 
9100	14 
9101	9 
9102	27 
9103	24 
9104	12 
9105	28 
9106	15 
9107	22 
9108	7 
9109	17 
9110	29 
9111	3 
9112	15 
9113	7 
9114	29 
9115	14 
9116	9 
9117	12 
9118	6 
9119	4 
9120	12 
9121	1 
9122	10 
9123	7 
9124	15 
9125	28 
9126	1 
9127	29 
9128	29 
9129	16 
9130	28 
9131	5 
9132	4 
9133	17 
9134	17 
9135	10 
9136	24 
9137	2 
9138	7 
9139	29 
9140	5 
9141	11 
9142	26 
9143	14 
9144	7 
9145	12 
9146	1 
9147	21 
9148	7 
9149	7 
9150	7 
9151	28 
9152	1 
9153	12 
9154	12 
9155	7 
9156	21 
9157	26 
9158	7 
9159	5 
9160	21 
9161	27 
9162	8 
9163	9 
9164	15 
9165	7 
9166	6 
9167	21 
9168	25 
9169	11 
9170	23 
9171	8 
9172	23 
9173	12 
9174	25 
9175	2 
9176	21 
9177	29 
9178	20 
9179	28 
9180	25 
9181	13 
9182	24 
9183	17 
9184	27 
9185	18 
9186	14 
9187	17 
9188	15 
9189	15 
9190	6 
9191	14 
9192	1 
9193	15 
9194	20 
9195	13 
9196	18 
9197	3 
9198	16 
9199	17 
9200	10 
9201	19 
9202	6 
9203	6 
9204	7 
9205	27 
9206	21 
9207	12 
9208	24 
9209	20 
9210	18 
9211	18 
9212	21 
9213	19 
9214	10 
9215	7 
9216	5 
9217	4 
9218	17 
9219	8 
9220	28 
9221	2 
9222	10 
9223	14 
9224	17 
9225	14 
9226	10 
9227	25 
9228	24 
9229	18 
9230	20 
9231	25 
9232	14 
9233	23 
9234	3 
9235	26 
9236	28 
9237	22 
9238	15 
9239	16 
9240	11 
9241	22 
9242	27 
9243	22 
9244	8 
9245	1 
9246	23 
9247	15 
9248	6 
9249	14 
9250	14 
9251	25 
9252	10 
9253	13 
9254	3 
9255	16 
9256	1 
9257	10 
9258	13 
9259	12 
9260	7 
9261	10 
9262	26 
9263	22 
9264	16 
9265	15 
9266	16 
9267	21 
9268	12 
9269	26 
9270	20 
9271	18 
9272	24 
9273	28 
9274	11 
9275	29 
9276	26 
9277	29 
9278	21 
9279	6 
9280	11 
9281	10 
9282	16 
9283	21 
9284	26 
9285	13 
9286	21 
9287	4 
9288	8 
9289	26 
9290	20 
9291	22 
9292	18 
9293	29 
9294	10 
9295	22 
9296	7 
9297	16 
9298	10 
9299	28 
9300	9 
9301	14 
9302	12 
9303	29 
9304	24 
9305	22 
9306	16 
9307	12 
9308	23 
9309	8 
9310	28 
9311	15 
9312	23 
9313	29 
9314	28 
9315	17 
9316	20 
9317	5 
9318	4 
9319	5 
9320	5 
9321	21 
9322	14 
9323	25 
9324	20 
9325	25 
9326	3 
9327	28 
9328	4 
9329	4 
9330	19 
9331	14 
9332	15 
9333	14 
9334	7 
9335	23 
9336	15 
9337	1 
9338	5 
9339	25 
9340	6 
9341	21 
9342	8 
9343	25 
9344	13 
9345	5 
9346	11 
9347	22 
9348	17 
9349	9 
9350	15 
9351	27 
9352	7 
9353	26 
9354	22 
9355	4 
9356	13 
9357	15 
9358	18 
9359	23 
9360	23 
9361	15 
9362	13 
9363	12 
9364	6 
9365	21 
9366	26 
9367	3 
9368	13 
9369	10 
9370	15 
9371	13 
9372	24 
9373	25 
9374	17 
9375	24 
9376	13 
9377	6 
9378	23 
9379	7 
9380	5 
9381	10 
9382	11 
9383	14 
9384	8 
9385	7 
9386	5 
9387	22 
9388	1 
9389	27 
9390	26 
9391	14 
9392	12 
9393	27 
9394	6 
9395	13 
9396	21 
9397	24 
9398	10 
9399	1 
9400	18 
9401	16 
9402	26 
9403	22 
9404	6 
9405	27 
9406	20 
9407	6 
9408	25 
9409	15 
9410	24 
9411	18 
9412	12 
9413	13 
9414	22 
9415	16 
9416	21 
9417	2 
9418	12 
9419	24 
9420	22 
9421	24 
9422	26 
9423	14 
9424	18 
9425	4 
9426	15 
9427	12 
9428	17 
9429	23 
9430	18 
9431	7 
9432	19 
9433	22 
9434	14 
9435	17 
9436	11 
9437	8 
9438	6 
9439	3 
9440	29 
9441	18 
9442	10 
9443	25 
9444	25 
9445	21 
9446	5 
9447	24 
9448	24 
9449	26 
9450	4 
9451	18 
9452	1 
9453	10 
9454	25 
9455	11 
9456	1 
9457	14 
9458	29 
9459	19 
9460	17 
9461	20 
9462	6 
9463	2 
9464	14 
9465	7 
9466	19 
9467	19 
9468	8 
9469	29 
9470	27 
9471	16 
9472	1 
9473	21 
9474	19 
9475	7 
9476	1 
9477	18 
9478	11 
9479	9 
9480	27 
9481	15 
9482	7 
9483	1 
9484	19 
9485	3 
9486	9 
9487	22 
9488	18 
9489	9 
9490	21 
9491	27 
9492	13 
9493	25 
9494	14 
9495	24 
9496	12 
9497	28 
9498	16 
9499	12 
9500	17 
9501	7 
9502	25 
9503	25 
9504	23 
9505	24 
9506	18 
9507	18 
9508	23 
9509	16 
9510	9 
9511	22 
9512	12 
9513	22 
9514	12 
9515	15 
9516	25 
9517	13 
9518	17 
9519	2 
9520	27 
9521	2 
9522	23 
9523	22 
9524	18 
9525	24 
9526	28 
9527	23 
9528	21 
9529	22 
9530	17 
9531	15 
9532	26 
9533	17 
9534	20 
9535	26 
9536	9 
9537	10 
9538	29 
9539	16 
9540	17 
9541	17 
9542	26 
9543	22 
9544	17 
9545	8 
9546	10 
9547	23 
9548	12 
9549	10 
9550	11 
9551	24 
9552	25 
9553	15 
9554	8 
9555	25 
9556	17 
9557	9 
9558	17 
9559	18 
9560	23 
9561	29 
9562	16 
9563	2 
9564	14 
9565	27 
9566	25 
9567	26 
9568	6 
9569	22 
9570	24 
9571	25 
9572	5 
9573	24 
9574	24 
9575	24 
9576	2 
9577	12 
9578	13 
9579	16 
9580	25 
9581	3 
9582	25 
9583	7 
9584	14 
9585	16 
9586	26 
9587	19 
9588	27 
9589	15 
9590	18 
9591	21 
9592	19 
9593	6 
9594	21 
9595	20 
9596	8 
9597	25 
9598	12 
9599	12 
9600	15 
9601	12 
9602	15 
9603	10 
9604	2 
9605	22 
9606	4 
9607	6 
9608	21 
9609	24 
9610	28 
9611	8 
9612	6 
9613	11 
9614	29 
9615	11 
9616	26 
9617	23 
9618	17 
9619	2 
9620	18 
9621	6 
9622	24 
9623	21 
9624	24 
9625	28 
9626	11 
9627	24 
9628	24 
9629	24 
9630	23 
9631	4 
9632	28 
9633	10 
9634	7 
9635	25 
9636	24 
9637	2 
9638	28 
9639	13 
9640	19 
9641	9 
9642	21 
9643	4 
9644	10 
9645	17 
9646	17 
9647	25 
9648	23 
9649	7 
9650	2 
9651	21 
9652	18 
9653	10 
9654	16 
9655	8 
9656	11 
9657	22 
9658	17 
9659	18 
9660	7 
9661	11 
9662	25 
9663	15 
9664	27 
9665	29 
9666	21 
9667	4 
9668	14 
9669	16 
9670	15 
9671	26 
9672	7 
9673	7 
9674	25 
9675	21 
9676	28 
9677	21 
9678	19 
9679	16 
9680	16 
9681	11 
9682	15 
9683	13 
9684	2 
9685	19 
9686	20 
9687	29 
9688	20 
9689	4 
9690	25 
9691	6 
9692	7 
9693	26 
9694	12 
9695	15 
9696	25 
9697	6 
9698	26 
9699	10 
9700	7 
9701	9 
9702	1 
9703	21 
9704	16 
9705	21 
9706	2 
9707	18 
9708	26 
9709	23 
9710	13 
9711	25 
9712	9 
9713	18 
9714	17 
9715	17 
9716	25 
9717	6 
9718	12 
9719	1 
9720	13 
9721	21 
9722	3 
9723	17 
9724	20 
9725	24 
9726	29 
9727	16 
9728	3 
9729	12 
9730	16 
9731	21 
9732	26 
9733	13 
9734	24 
9735	28 
9736	14 
9737	9 
9738	1 
9739	19 
9740	4 
9741	16 
9742	23 
9743	13 
9744	5 
9745	10 
9746	23 
9747	14 
9748	14 
9749	4 
9750	27 
9751	17 
9752	7 
9753	3 
9754	22 
9755	24 
9756	20 
9757	22 
9758	11 
9759	20 
9760	3 
9761	9 
9762	24 
9763	3 
9764	18 
9765	29 
9766	5 
9767	29 
9768	20 
9769	25 
9770	25 
9771	21 
9772	4 
9773	25 
9774	2 
9775	12 
9776	23 
9777	13 
9778	15 
9779	25 
9780	14 
9781	4 
9782	24 
9783	17 
9784	12 
9785	21 
9786	10 
9787	13 
9788	23 
9789	26 
9790	21 
9791	17 
9792	3 
9793	27 
9794	6 
9795	25 
9796	15 
9797	17 
9798	15 
9799	12 
9800	29 
9801	13 
9802	21 
9803	6 
9804	29 
9805	23 
9806	24 
9807	27 
9808	10 
9809	22 
9810	18 
9811	26 
9812	17 
9813	16 
9814	17 
9815	13 
9816	12 
9817	26 
9818	15 
9819	18 
9820	22 
9821	15 
9822	7 
9823	16 
9824	16 
9825	10 
9826	2 
9827	5 
9828	3 
9829	26 
9830	21 
9831	10 
9832	19 
9833	20 
9834	26 
9835	25 
9836	29 
9837	24 
9838	13 
9839	24 
9840	9 
9841	19 
9842	29 
9843	22 
9844	18 
9845	17 
9846	7 
9847	10 
9848	29 
9849	29 
9850	10 
9851	11 
9852	25 
9853	12 
9854	28 
9855	25 
9856	3 
9857	26 
9858	18 
9859	8 
9860	26 
9861	9 
9862	25 
9863	7 
9864	7 
9865	5 
9866	14 
9867	25 
9868	7 
9869	5 
9870	21 
9871	28 
9872	21 
9873	3 
9874	2 
9875	16 
9876	22 
9877	24 
9878	13 
9879	13 
9880	17 
9881	28 
9882	18 
9883	24 
9884	12 
9885	18 
9886	2 
9887	17 
9888	12 
9889	24 
9890	11 
9891	6 
9892	5 
9893	17 
9894	16 
9895	7 
9896	17 
9897	24 
9898	8 
9899	16 
9900	15 
9901	25 
9902	11 
9903	12 
9904	7 
9905	15 
9906	28 
9907	26 
9908	29 
9909	5 
9910	13 
9911	28 
9912	14 
9913	17 
9914	18 
9915	21 
9916	13 
9917	20 
9918	12 
9919	18 
9920	7 
9921	15 
9922	25 
9923	1 
9924	5 
9925	14 
9926	5 
9927	8 
9928	15 
9929	13 
9930	15 
9931	23 
9932	26 
9933	18 
9934	12 
9935	25 
9936	24 
9937	21 
9938	12 
9939	13 
9940	3 
9941	17 
9942	29 
9943	21 
9944	10 
9945	21 
9946	10 
9947	26 
9948	4 
9949	5 
9950	19 
9951	5 
9952	12 
9953	28 
9954	15 
9955	19 
9956	29 
9957	3 
9958	25 
9959	24 
9960	23 
9961	2 
9962	14 
9963	12 
9964	14 
9965	18 
9966	9 
9967	22 
9968	1 
9969	29 
9970	23 
9971	18 
9972	22 
9973	2 
9974	8 
9975	13 
9976	10 
9977	2 
9978	29 
9979	6 
9980	15 
9981	17 
9982	12 
9983	15 
9984	6 
9985	21 
9986	20 
9987	15 
9988	15 
9989	7 
9990	29 
9991	15 
9992	29 
9993	27 
9994	25 
9995	20 
9996	5 
9997	24 
9998	5 
9999	6 
10000	21 
