1	1 
2	1 
3	1 
4	1 2 
5	2 
6	1 2 
7	2 
8	2 
9	1 2 
10	2 
11	1 
12	1 2 
13	1 
14	1 
15	1 
16	1 
17	1 
18	1 2 
19	1 
20	1 
21	1 
22	2 
23	1 
24	1 2 
25	1 
26	1 2 
27	1 2 
28	1 
29	1 
30	1 2 
31	1 
32	1 2 
33	2 
34	1 
35	1 
36	2 
37	1 
38	1 
39	1 2 
40	1 
41	1 
42	2 
43	1 2 
44	1 
45	1 
46	1 
47	1 2 
48	1 
49	2 
50	2 
51	2 
52	1 
53	1 
54	1 2 
55	1 
56	1 2 
57	2 
58	1 
59	1 2 
60	1 2 
61	1 
62	2 
63	2 
64	1 2 
65	2 
66	1 
67	1 2 
68	1 
69	1 
70	1 
71	2 
72	1 
73	1 
74	1 
75	1 2 
76	2 
77	1 
78	2 
79	1 2 
80	1 
81	2 
82	2 
83	2 
84	1 
85	1 2 
86	1 
87	2 
88	1 
89	1 
90	1 
91	1 
92	2 
93	2 
94	1 
95	2 
96	1 
97	1 
98	1 2 
99	1 2 
100	1 2 
101	1 
102	2 
103	2 
104	1 
105	2 
106	1 
107	1 
108	2 
109	1 
110	1 
111	1 2 
112	2 
113	1 
114	1 2 
115	1 
116	1 2 
117	2 
118	2 
119	1 
120	1 
121	1 
122	2 
123	1 2 
124	1 
125	1 2 
126	1 
127	2 
128	2 
129	2 
130	1 
131	1 
132	1 2 
133	1 
134	2 
135	1 
136	2 
137	1 
138	1 
139	2 
140	1 
141	1 2 
142	1 
143	2 
144	1 
145	2 
146	1 
147	2 
148	2 
149	1 
150	2 
151	1 2 
152	2 
153	2 
154	1 2 
155	2 
156	1 
157	1 2 
158	2 
159	1 
160	1 
161	1 
162	1 
163	1 2 
164	1 
165	1 
166	1 
167	2 
168	1 
169	1 
170	1 
171	1 
172	1 
173	1 2 
174	1 
175	2 
176	1 2 
177	2 
178	1 2 
179	1 2 
180	1 
181	1 2 
182	1 2 
183	1 
184	1 2 
185	2 
186	1 2 
187	2 
188	1 
189	1 
190	1 2 
191	2 
192	2 
193	1 
194	1 
195	1 
196	1 2 
197	1 
198	2 
199	2 
200	1 
201	1 
202	2 
203	2 
204	2 
205	2 
206	1 
207	1 
208	2 
209	2 
210	1 2 
211	2 
212	2 
213	1 
214	1 2 
215	2 
216	1 2 
217	1 
218	1 2 
219	2 
220	1 
221	1 
222	1 
223	1 2 
224	2 
225	2 
226	1 2 
227	2 
228	1 
229	1 
230	1 
231	2 
232	1 
233	1 
234	1 
235	1 
236	2 
237	1 
238	2 
239	1 
240	1 
241	1 2 
242	1 2 
243	2 
244	1 
245	1 
246	1 
247	1 2 
248	1 2 
249	1 
250	2 
251	1 2 
252	1 
253	1 
254	2 
255	2 
256	2 
257	2 
258	1 2 
259	1 
260	2 
261	1 
262	2 
263	1 
264	1 
265	1 
266	1 
267	1 2 
268	2 
269	2 
270	2 
271	1 2 
272	1 
273	1 
274	2 
275	1 2 
276	1 
277	1 
278	1 
279	1 
280	2 
281	2 
282	1 2 
283	1 
284	2 
285	2 
286	1 
287	2 
288	2 
289	1 
290	1 
291	1 
292	2 
293	2 
294	2 
295	2 
296	2 
297	2 
298	1 
299	1 2 
300	2 
301	1 
302	1 
303	2 
304	1 
305	1 2 
306	2 
307	1 2 
308	1 
309	1 
310	2 
311	1 
312	2 
313	1 
314	1 2 
315	1 2 
316	1 
317	1 2 
318	1 
319	1 2 
320	2 
321	2 
322	1 
323	1 2 
324	2 
325	1 
326	2 
327	2 
328	1 
329	1 
330	2 
331	2 
332	1 2 
333	2 
334	1 
335	2 
336	1 
337	1 2 
338	2 
339	2 
340	1 2 
341	1 
342	1 
343	1 
344	1 2 
345	1 
346	1 
347	1 
348	1 2 
349	1 2 
350	1 
351	2 
352	2 
353	1 
354	1 
355	1 
356	1 
357	2 
358	1 
359	1 
360	2 
361	1 
362	2 
363	2 
364	1 
365	1 
366	1 
367	1 
368	1 
369	1 
370	1 2 
371	2 
372	1 2 
373	2 
374	2 
375	1 2 
376	1 
377	2 
378	1 
379	1 
380	1 
381	1 
382	1 2 
383	2 
384	1 
385	2 
386	1 
387	1 2 
388	1 
389	1 
390	2 
391	1 
392	1 
393	1 2 
394	1 
395	2 
396	2 
397	1 
398	2 
399	2 
400	1 2 
401	1 2 
402	1 2 
403	1 2 
404	1 
405	1 
406	1 
407	1 
408	1 
409	1 
410	1 2 
411	1 2 
412	2 
413	1 
414	2 
415	1 
416	1 
417	1 
418	1 
419	1 
420	2 
421	1 
422	2 
423	2 
424	2 
425	2 
426	1 
427	2 
428	1 
429	1 
430	2 
431	2 
432	1 
433	1 
434	1 
435	1 2 
436	1 
437	1 
438	2 
439	2 
440	1 
441	1 
442	1 2 
443	1 2 
444	1 
445	2 
446	2 
447	1 
448	1 2 
449	1 
450	1 
451	1 
452	1 
453	1 2 
454	2 
455	1 
456	2 
457	1 
458	1 
459	1 
460	1 
461	1 
462	1 2 
463	1 
464	1 
465	2 
466	2 
467	1 
468	2 
469	2 
470	1 
471	1 
472	1 2 
473	1 
474	1 
475	1 2 
476	2 
477	2 
478	1 
479	2 
480	1 
481	2 
482	2 
483	1 2 
484	1 
485	1 
486	1 
487	1 
488	1 
489	1 
490	2 
491	1 2 
492	1 
493	2 
494	1 2 
495	2 
496	1 
497	1 2 
498	2 
499	2 
500	1 
501	1 
502	1 2 
503	2 
504	2 
505	1 
506	1 
507	1 2 
508	1 
509	1 
510	2 
511	2 
512	1 
513	2 
514	2 
515	1 
516	1 
517	1 2 
518	1 
519	1 
520	1 
521	1 
522	2 
523	1 
524	1 
525	1 2 
526	2 
527	2 
528	1 
529	1 
530	2 
531	1 
532	1 
533	1 
534	1 
535	1 
536	1 
537	1 2 
538	1 
539	1 
540	1 
541	1 
542	2 
543	1 2 
544	1 
545	1 
546	1 2 
547	2 
548	1 2 
549	2 
550	2 
551	1 
552	1 
553	1 
554	2 
555	2 
556	2 
557	1 
558	2 
559	1 2 
560	2 
561	1 
562	1 2 
563	1 2 
564	1 
565	2 
566	2 
567	1 
568	1 
569	1 
570	2 
571	1 
572	1 
573	1 
574	1 2 
575	2 
576	1 2 
577	1 2 
578	2 
579	2 
580	2 
581	1 2 
582	1 2 
583	2 
584	2 
585	1 
586	2 
587	1 2 
588	1 
589	2 
590	1 
591	2 
592	2 
593	1 2 
594	1 
595	1 
596	1 
597	1 
598	2 
599	2 
600	2 
601	1 
602	2 
603	1 
604	2 
605	1 
606	2 
607	1 2 
608	1 
609	1 
610	1 2 
611	1 2 
612	2 
613	1 
614	1 
615	1 
616	1 
617	1 2 
618	2 
619	2 
620	1 
621	1 2 
622	2 
623	2 
624	1 
625	2 
626	2 
627	1 2 
628	2 
629	1 
630	1 
631	2 
632	1 2 
633	1 2 
634	1 
635	1 
636	1 2 
637	2 
638	1 2 
639	1 
640	2 
641	1 
642	2 
643	1 
644	1 
645	1 
646	1 2 
647	1 
648	1 
649	1 
650	1 
651	1 2 
652	2 
653	1 
654	1 
655	2 
656	1 
657	2 
658	1 
659	1 2 
660	1 2 
661	2 
662	1 
663	2 
664	1 
665	1 2 
666	1 2 
667	1 2 
668	1 2 
669	2 
670	1 
671	1 2 
672	1 
673	1 
674	2 
675	1 
676	1 2 
677	1 2 
678	2 
679	1 2 
680	1 
681	1 
682	1 2 
683	1 
684	1 2 
685	2 
686	1 
687	1 
688	1 
689	1 2 
690	1 2 
691	1 
692	1 
693	1 
694	1 
695	1 
696	2 
697	1 2 
698	1 
699	1 
700	1 
701	1 
702	1 
703	1 
704	1 
705	1 
706	1 2 
707	1 
708	1 
709	1 
710	1 2 
711	2 
712	1 2 
713	1 
714	1 
715	1 
716	1 2 
717	1 
718	1 
719	1 
720	1 2 
721	1 
722	1 
723	1 
724	1 
725	1 
726	1 
727	2 
728	1 
729	1 2 
730	1 
731	1 2 
732	1 2 
733	2 
734	1 
735	1 
736	2 
737	2 
738	1 
739	1 
740	1 
741	1 
742	1 
743	2 
744	2 
745	2 
746	2 
747	1 
748	2 
749	2 
750	2 
751	1 2 
752	1 2 
753	1 2 
754	1 
755	1 
756	1 
757	2 
758	1 
759	2 
760	1 
761	2 
762	1 
763	1 
764	1 
765	1 2 
766	2 
767	1 
768	1 
769	1 
770	1 
771	1 
772	2 
773	1 
774	1 
775	1 
776	1 
777	1 
778	1 2 
779	2 
780	1 
781	1 
782	2 
783	1 
784	1 2 
785	1 
786	1 
787	2 
788	1 2 
789	1 2 
790	2 
791	1 
792	2 
793	1 
794	1 2 
795	1 
796	1 
797	1 2 
798	1 
799	1 
800	2 
801	1 2 
802	1 2 
803	1 
804	1 
805	1 
806	1 
807	2 
808	1 
809	1 
810	2 
811	1 
812	1 
813	1 
814	2 
815	1 2 
816	1 2 
817	2 
818	2 
819	1 
820	2 
821	1 
822	1 
823	1 2 
824	1 2 
825	1 
826	1 
827	1 
828	2 
829	2 
830	1 
831	2 
832	2 
833	1 
834	1 
835	1 
836	1 
837	1 
838	2 
839	2 
840	2 
841	1 
842	1 
843	1 
844	2 
845	2 
846	1 
847	1 2 
848	2 
849	2 
850	2 
851	1 2 
852	1 
853	1 
854	1 
855	1 
856	2 
857	2 
858	1 
859	1 
860	1 
861	2 
862	2 
863	1 
864	1 
865	2 
866	1 
867	1 
868	1 2 
869	1 
870	1 2 
871	1 
872	2 
873	1 
874	1 2 
875	1 
876	2 
877	1 
878	2 
879	2 
880	1 2 
881	1 
882	2 
883	1 
884	2 
885	1 
886	1 2 
887	1 
888	2 
889	1 2 
890	1 2 
891	2 
892	2 
893	2 
894	2 
895	1 2 
896	2 
897	2 
898	2 
899	1 
900	2 
901	2 
902	1 
903	1 
904	1 
905	1 
906	2 
907	1 
908	1 2 
909	1 
910	1 
911	1 2 
912	1 2 
913	1 
914	2 
915	1 2 
916	2 
917	1 2 
918	2 
919	1 
920	2 
921	1 
922	1 
923	2 
924	1 2 
925	2 
926	2 
927	1 
928	1 
929	2 
930	1 
931	2 
932	1 2 
933	1 
934	1 2 
935	1 
936	1 
937	2 
938	2 
939	1 
940	1 2 
941	2 
942	2 
943	1 
944	1 
945	2 
946	1 
947	1 2 
948	1 
949	1 
950	1 
951	1 2 
952	2 
953	2 
954	1 2 
955	2 
956	2 
957	1 
958	1 
959	1 
960	1 2 
961	1 
962	1 
963	1 
964	1 
965	2 
966	2 
967	2 
968	1 
969	1 
970	1 
971	1 
972	2 
973	2 
974	1 2 
975	2 
976	2 
977	1 
978	1 
979	1 
980	1 
981	1 
982	1 
983	2 
984	2 
985	1 2 
986	1 
987	1 
988	2 
989	1 
990	1 
991	1 2 
992	1 
993	1 2 
994	1 
995	1 2 
996	1 2 
997	1 
998	1 2 
999	1 
1000	1 2 
