1	7 
2	13 
3	27 
4	27 
5	4 
6	28 
7	25 
8	9 
9	2 
10	16 
11	5 
12	17 
13	27 
14	22 
15	1 
16	9 
17	13 
18	27 
19	6 
20	6 
21	26 
22	23 
23	19 
24	26 
25	12 
26	23 
27	15 
28	15 
29	9 
30	23 
31	5 
32	15 
33	23 
34	11 
35	25 
36	6 
37	4 
38	10 
39	18 
40	21 
41	1 
42	23 
43	17 
44	12 
45	9 
46	7 
47	11 
48	1 
49	5 
50	26 
51	6 
52	16 
53	9 
54	27 
55	15 
56	21 
57	22 
58	23 
59	4 
60	5 
61	26 
62	9 
63	21 
64	24 
65	17 
66	14 
67	13 
68	15 
69	7 
70	9 
71	4 
72	12 
73	8 
74	21 
75	26 
76	7 
77	17 
78	8 
79	4 
80	24 
81	8 
82	26 
83	25 
84	20 
85	3 
86	9 
87	27 
88	8 
89	21 
90	18 
91	17 
92	27 
93	11 
94	7 
95	17 
96	5 
97	28 
98	27 
99	10 
100	9 
101	5 
102	4 
103	17 
104	16 
105	5 
106	3 
107	17 
108	27 
109	1 
110	9 
111	28 
112	17 
113	25 
114	20 
115	13 
116	10 
117	9 
118	23 
119	24 
120	13 
121	10 
122	23 
123	20 
124	19 
125	26 
126	18 
127	8 
128	4 
129	2 
130	26 
131	28 
132	19 
133	28 
134	13 
135	21 
136	7 
137	8 
138	27 
139	24 
140	3 
141	11 
142	27 
143	6 
144	16 
145	19 
146	28 
147	19 
148	14 
149	23 
150	12 
151	17 
152	6 
153	7 
154	27 
155	2 
156	5 
157	20 
158	2 
159	27 
160	9 
161	27 
162	13 
163	10 
164	25 
165	3 
166	21 
167	7 
168	4 
169	27 
170	18 
171	27 
172	1 
173	21 
174	13 
175	7 
176	17 
177	27 
178	5 
179	17 
180	17 
181	10 
182	25 
183	27 
184	6 
185	8 
186	13 
187	7 
188	16 
189	27 
190	19 
191	25 
192	15 
193	2 
194	11 
195	4 
196	13 
197	7 
198	28 
199	4 
200	19 
201	5 
202	8 
203	22 
204	28 
205	6 
206	21 
207	3 
208	24 
209	5 
210	15 
211	14 
212	16 
213	18 
214	28 
215	26 
216	27 
217	23 
218	25 
219	22 
220	28 
221	14 
222	27 
223	26 
224	11 
225	15 
226	7 
227	14 
228	20 
229	1 
230	25 
231	28 
232	12 
233	26 
234	3 
235	6 
236	10 
237	7 
238	13 
239	23 
240	24 
241	13 
242	8 
243	27 
244	11 
245	10 
246	16 
247	10 
248	22 
249	26 
250	6 
251	17 
252	26 
253	27 
254	27 
255	10 
256	20 
257	8 
258	9 
259	6 
260	6 
261	27 
262	17 
263	3 
264	13 
265	25 
266	2 
267	28 
268	10 
269	1 
270	1 
271	16 
272	27 
273	24 
274	6 
275	27 
276	22 
277	18 
278	6 
279	10 
280	20 
281	20 
282	20 
283	24 
284	19 
285	14 
286	25 
287	27 
288	13 
289	3 
290	9 
291	27 
292	17 
293	20 
294	4 
295	24 
296	24 
297	27 
298	16 
299	1 
300	6 
301	14 
302	19 
303	14 
304	25 
305	11 
306	14 
307	2 
308	22 
309	15 
310	13 
311	4 
312	16 
313	17 
314	22 
315	4 
316	17 
317	8 
318	11 
319	25 
320	18 
321	28 
322	3 
323	13 
324	5 
325	22 
326	5 
327	21 
328	7 
329	8 
330	4 
331	27 
332	24 
333	17 
334	16 
335	24 
336	6 
337	21 
338	16 
339	8 
340	6 
341	17 
342	3 
343	27 
344	23 
345	21 
346	5 
347	3 
348	7 
349	20 
350	8 
351	21 
352	27 
353	25 
354	6 
355	8 
356	9 
357	4 
358	27 
359	19 
360	24 
361	15 
362	6 
363	4 
364	25 
365	15 
366	14 
367	13 
368	25 
369	5 
370	16 
371	13 
372	18 
373	5 
374	28 
375	16 
376	19 
377	9 
378	13 
379	25 
380	17 
381	27 
382	14 
383	15 
384	9 
385	25 
386	4 
387	3 
388	26 
389	7 
390	9 
391	19 
392	2 
393	12 
394	1 
395	17 
396	27 
397	22 
398	27 
399	21 
400	15 
401	13 
402	25 
403	22 
404	26 
405	7 
406	3 
407	19 
408	20 
409	22 
410	27 
411	7 
412	25 
413	9 
414	7 
415	13 
416	11 
417	18 
418	4 
419	27 
420	23 
421	15 
422	22 
423	9 
424	27 
425	3 
426	4 
427	6 
428	9 
429	11 
430	16 
431	15 
432	5 
433	2 
434	8 
435	17 
436	15 
437	11 
438	26 
439	13 
440	9 
441	23 
442	19 
443	24 
444	25 
445	9 
446	4 
447	7 
448	4 
449	27 
450	7 
451	19 
452	10 
453	13 
454	10 
455	1 
456	14 
457	9 
458	5 
459	27 
460	14 
461	8 
462	17 
463	2 
464	19 
465	8 
466	4 
467	18 
468	9 
469	22 
470	24 
471	27 
472	26 
473	7 
474	13 
475	15 
476	21 
477	19 
478	13 
479	10 
480	17 
481	24 
482	17 
483	7 
484	11 
485	11 
486	2 
487	25 
488	12 
489	26 
490	26 
491	19 
492	4 
493	10 
494	3 
495	5 
496	4 
497	2 
498	5 
499	21 
500	4 
501	24 
502	12 
503	2 
504	3 
505	2 
506	15 
507	23 
508	18 
509	22 
510	6 
511	9 
512	12 
513	12 
514	20 
515	18 
516	26 
517	6 
518	5 
519	5 
520	3 
521	25 
522	28 
523	4 
524	11 
525	27 
526	20 
527	5 
528	6 
529	28 
530	1 
531	12 
532	26 
533	21 
534	22 
535	27 
536	25 
537	15 
538	4 
539	9 
540	10 
541	12 
542	1 
543	16 
544	27 
545	8 
546	6 
547	1 
548	7 
549	28 
550	11 
551	1 
552	4 
553	13 
554	18 
555	17 
556	9 
557	9 
558	4 
559	11 
560	9 
561	1 
562	23 
563	12 
564	23 
565	27 
566	11 
567	17 
568	26 
569	10 
570	4 
571	27 
572	5 
573	19 
574	4 
575	6 
576	9 
577	23 
578	24 
579	22 
580	11 
581	3 
582	13 
583	5 
584	23 
585	27 
586	6 
587	4 
588	11 
589	24 
590	14 
591	17 
592	25 
593	10 
594	6 
595	15 
596	16 
597	21 
598	5 
599	13 
600	7 
601	10 
602	28 
603	15 
604	28 
605	24 
606	22 
607	27 
608	15 
609	15 
610	4 
611	12 
612	21 
613	2 
614	18 
615	8 
616	18 
617	5 
618	6 
619	13 
620	18 
621	2 
622	15 
623	11 
624	21 
625	28 
626	14 
627	20 
628	22 
629	24 
630	15 
631	28 
632	14 
633	11 
634	21 
635	16 
636	5 
637	25 
638	16 
639	20 
640	21 
641	18 
642	2 
643	27 
644	8 
645	4 
646	4 
647	1 
648	6 
649	3 
650	12 
651	7 
652	27 
653	12 
654	24 
655	8 
656	23 
657	12 
658	12 
659	24 
660	15 
661	15 
662	22 
663	18 
664	4 
665	28 
666	11 
667	17 
668	28 
669	17 
670	25 
671	28 
672	10 
673	1 
674	25 
675	25 
676	17 
677	13 
678	26 
679	23 
680	19 
681	4 
682	8 
683	22 
684	20 
685	16 
686	10 
687	1 
688	27 
689	6 
690	25 
691	13 
692	8 
693	26 
694	4 
695	24 
696	10 
697	27 
698	15 
699	6 
700	18 
701	18 
702	18 
703	9 
704	8 
705	10 
706	8 
707	15 
708	11 
709	21 
710	14 
711	14 
712	23 
713	28 
714	13 
715	17 
716	11 
717	12 
718	10 
719	28 
720	11 
721	26 
722	19 
723	4 
724	12 
725	16 
726	27 
727	15 
728	8 
729	27 
730	14 
731	27 
732	5 
733	15 
734	15 
735	27 
736	28 
737	22 
738	10 
739	12 
740	24 
741	10 
742	9 
743	1 
744	27 
745	25 
746	16 
747	4 
748	8 
749	21 
750	28 
751	23 
752	1 
753	6 
754	1 
755	3 
756	24 
757	8 
758	24 
759	12 
760	6 
761	28 
762	4 
763	3 
764	26 
765	8 
766	19 
767	24 
768	16 
769	4 
770	28 
771	17 
772	27 
773	11 
774	6 
775	17 
776	11 
777	19 
778	24 
779	3 
780	2 
781	26 
782	7 
783	18 
784	24 
785	9 
786	16 
787	20 
788	9 
789	20 
790	12 
791	11 
792	27 
793	25 
794	11 
795	19 
796	11 
797	17 
798	12 
799	20 
800	9 
801	25 
802	10 
803	6 
804	5 
805	19 
806	13 
807	25 
808	19 
809	4 
810	1 
811	1 
812	26 
813	13 
814	6 
815	18 
816	10 
817	22 
818	18 
819	20 
820	6 
821	2 
822	21 
823	23 
824	14 
825	22 
826	18 
827	23 
828	1 
829	25 
830	20 
831	25 
832	28 
833	18 
834	17 
835	27 
836	14 
837	11 
838	18 
839	20 
840	24 
841	15 
842	22 
843	3 
844	15 
845	5 
846	11 
847	1 
848	22 
849	13 
850	2 
851	23 
852	19 
853	8 
854	7 
855	10 
856	5 
857	24 
858	13 
859	3 
860	13 
861	17 
862	28 
863	18 
864	2 
865	27 
866	11 
867	28 
868	14 
869	18 
870	22 
871	17 
872	17 
873	8 
874	13 
875	7 
876	16 
877	24 
878	16 
879	6 
880	17 
881	4 
882	13 
883	6 
884	12 
885	26 
886	8 
887	6 
888	25 
889	12 
890	1 
891	9 
892	4 
893	3 
894	12 
895	1 
896	3 
897	28 
898	8 
899	27 
900	27 
901	15 
902	7 
903	13 
904	20 
905	2 
906	7 
907	7 
908	15 
909	21 
910	8 
911	3 
912	19 
913	8 
914	26 
915	23 
916	24 
917	23 
918	28 
919	18 
920	4 
921	7 
922	14 
923	21 
924	10 
925	22 
926	14 
927	15 
928	14 
929	19 
930	25 
931	24 
932	8 
933	20 
934	11 
935	26 
936	7 
937	15 
938	1 
939	25 
940	19 
941	24 
942	5 
943	7 
944	24 
945	4 
946	26 
947	12 
948	14 
949	4 
950	22 
951	10 
952	23 
953	26 
954	18 
955	14 
956	27 
957	1 
958	26 
959	16 
960	1 
961	13 
962	5 
963	18 
964	14 
965	17 
966	17 
967	6 
968	28 
969	13 
970	1 
971	6 
972	11 
973	22 
974	27 
975	22 
976	13 
977	9 
978	24 
979	13 
980	15 
981	2 
982	15 
983	7 
984	9 
985	23 
986	22 
987	7 
988	9 
989	21 
990	9 
991	21 
992	6 
993	28 
994	3 
995	10 
996	5 
997	28 
998	9 
999	5 
1000	9 
1001	15 
1002	22 
1003	5 
1004	8 
1005	6 
1006	7 
1007	8 
1008	13 
1009	21 
1010	5 
1011	1 
1012	14 
1013	3 
1014	9 
1015	13 
1016	22 
1017	8 
1018	26 
1019	25 
1020	20 
1021	27 
1022	3 
1023	11 
1024	24 
1025	26 
1026	9 
1027	4 
1028	17 
1029	5 
1030	15 
1031	16 
1032	14 
1033	6 
1034	23 
1035	17 
1036	9 
1037	2 
1038	11 
1039	16 
1040	15 
1041	12 
1042	12 
1043	25 
1044	24 
1045	15 
1046	3 
1047	13 
1048	3 
1049	25 
1050	5 
1051	23 
1052	13 
1053	1 
1054	6 
1055	4 
1056	25 
1057	4 
1058	28 
1059	2 
1060	24 
1061	28 
1062	1 
1063	12 
1064	13 
1065	25 
1066	6 
1067	22 
1068	3 
1069	9 
1070	28 
1071	11 
1072	7 
1073	15 
1074	25 
1075	12 
1076	26 
1077	13 
1078	13 
1079	2 
1080	9 
1081	19 
1082	22 
1083	11 
1084	28 
1085	14 
1086	17 
1087	10 
1088	15 
1089	18 
1090	23 
1091	24 
1092	28 
1093	24 
1094	10 
1095	20 
1096	22 
1097	21 
1098	8 
1099	26 
1100	6 
1101	7 
1102	12 
1103	2 
1104	23 
1105	22 
1106	14 
1107	23 
1108	14 
1109	5 
1110	26 
1111	19 
1112	6 
1113	20 
1114	10 
1115	9 
1116	2 
1117	9 
1118	26 
1119	1 
1120	15 
1121	5 
1122	11 
1123	19 
1124	25 
1125	25 
1126	28 
1127	1 
1128	19 
1129	7 
1130	20 
1131	8 
1132	12 
1133	10 
1134	18 
1135	9 
1136	10 
1137	12 
1138	9 
1139	20 
1140	27 
1141	10 
1142	25 
1143	25 
1144	10 
1145	25 
1146	1 
1147	6 
1148	22 
1149	28 
1150	7 
1151	21 
1152	6 
1153	27 
1154	16 
1155	21 
1156	14 
1157	15 
1158	3 
1159	3 
1160	12 
1161	10 
1162	10 
1163	9 
1164	13 
1165	9 
1166	27 
1167	11 
1168	22 
1169	1 
1170	24 
1171	22 
1172	21 
1173	10 
1174	5 
1175	8 
1176	26 
1177	24 
1178	25 
1179	15 
1180	11 
1181	21 
1182	14 
1183	17 
1184	18 
1185	1 
1186	12 
1187	16 
1188	13 
1189	18 
1190	4 
1191	17 
1192	15 
1193	9 
1194	27 
1195	1 
1196	27 
1197	10 
1198	5 
1199	14 
1200	1 
1201	27 
1202	13 
1203	6 
1204	15 
1205	14 
1206	9 
1207	22 
1208	27 
1209	7 
1210	6 
1211	1 
1212	14 
1213	11 
1214	9 
1215	15 
1216	24 
1217	19 
1218	15 
1219	13 
1220	22 
1221	25 
1222	4 
1223	28 
1224	23 
1225	12 
1226	5 
1227	27 
1228	9 
1229	27 
1230	17 
1231	6 
1232	6 
1233	20 
1234	21 
1235	3 
1236	24 
1237	27 
1238	17 
1239	15 
1240	14 
1241	8 
1242	26 
1243	5 
1244	24 
1245	6 
1246	14 
1247	19 
1248	7 
1249	6 
1250	9 
1251	27 
1252	21 
1253	25 
1254	18 
1255	10 
1256	3 
1257	11 
1258	25 
1259	11 
1260	11 
1261	13 
1262	19 
1263	23 
1264	26 
1265	13 
1266	24 
1267	5 
1268	3 
1269	12 
1270	9 
1271	22 
1272	14 
1273	14 
1274	16 
1275	5 
1276	10 
1277	17 
1278	24 
1279	20 
1280	11 
1281	23 
1282	4 
1283	8 
1284	21 
1285	2 
1286	9 
1287	20 
1288	12 
1289	7 
1290	4 
1291	20 
1292	9 
1293	24 
1294	12 
1295	27 
1296	12 
1297	1 
1298	19 
1299	12 
1300	16 
1301	5 
1302	27 
1303	2 
1304	23 
1305	27 
1306	10 
1307	7 
1308	25 
1309	18 
1310	5 
1311	19 
1312	21 
1313	8 
1314	7 
1315	4 
1316	24 
1317	17 
1318	3 
1319	26 
1320	6 
1321	7 
1322	10 
1323	13 
1324	9 
1325	13 
1326	19 
1327	17 
1328	20 
1329	17 
1330	28 
1331	12 
1332	23 
1333	13 
1334	9 
1335	14 
1336	14 
1337	27 
1338	12 
1339	22 
1340	15 
1341	22 
1342	17 
1343	24 
1344	21 
1345	18 
1346	17 
1347	6 
1348	25 
1349	20 
1350	11 
1351	25 
1352	3 
1353	17 
1354	19 
1355	8 
1356	26 
1357	4 
1358	28 
1359	28 
1360	22 
1361	12 
1362	7 
1363	4 
1364	21 
1365	8 
1366	23 
1367	28 
1368	8 
1369	28 
1370	28 
1371	3 
1372	12 
1373	13 
1374	14 
1375	16 
1376	24 
1377	12 
1378	9 
1379	23 
1380	6 
1381	15 
1382	24 
1383	14 
1384	4 
1385	5 
1386	25 
1387	21 
1388	8 
1389	27 
1390	27 
1391	28 
1392	27 
1393	16 
1394	2 
1395	2 
1396	13 
1397	1 
1398	7 
1399	18 
1400	3 
1401	24 
1402	16 
1403	9 
1404	25 
1405	20 
1406	5 
1407	18 
1408	28 
1409	15 
1410	19 
1411	15 
1412	4 
1413	11 
1414	22 
1415	28 
1416	24 
1417	15 
1418	19 
1419	10 
1420	22 
1421	25 
1422	2 
1423	6 
1424	15 
1425	8 
1426	26 
1427	20 
1428	24 
1429	20 
1430	17 
1431	22 
1432	25 
1433	18 
1434	18 
1435	6 
1436	25 
1437	6 
1438	22 
1439	23 
1440	6 
1441	7 
1442	21 
1443	1 
1444	27 
1445	21 
1446	24 
1447	21 
1448	12 
1449	26 
1450	17 
1451	9 
1452	22 
1453	28 
1454	25 
1455	24 
1456	23 
1457	9 
1458	27 
1459	12 
1460	9 
1461	21 
1462	16 
1463	19 
1464	9 
1465	6 
1466	22 
1467	17 
1468	17 
1469	4 
1470	21 
1471	11 
1472	10 
1473	14 
1474	14 
1475	21 
1476	6 
1477	9 
1478	13 
1479	13 
1480	1 
1481	20 
1482	13 
1483	7 
1484	28 
1485	21 
1486	15 
1487	9 
1488	6 
1489	16 
1490	23 
1491	11 
1492	14 
1493	9 
1494	28 
1495	3 
1496	13 
1497	19 
1498	4 
1499	22 
1500	5 
1501	9 
1502	13 
1503	20 
1504	10 
1505	28 
1506	1 
1507	18 
1508	19 
1509	19 
1510	12 
1511	9 
1512	7 
1513	5 
1514	19 
1515	15 
1516	11 
1517	14 
1518	18 
1519	11 
1520	28 
1521	25 
1522	1 
1523	9 
1524	13 
1525	22 
1526	12 
1527	12 
1528	24 
1529	9 
1530	21 
1531	8 
1532	5 
1533	25 
1534	17 
1535	27 
1536	27 
1537	4 
1538	9 
1539	12 
1540	9 
1541	22 
1542	27 
1543	10 
1544	28 
1545	21 
1546	11 
1547	23 
1548	7 
1549	9 
1550	9 
1551	27 
1552	28 
1553	10 
1554	5 
1555	12 
1556	25 
1557	8 
1558	5 
1559	25 
1560	27 
1561	15 
1562	10 
1563	6 
1564	19 
1565	15 
1566	27 
1567	12 
1568	24 
1569	24 
1570	8 
1571	24 
1572	8 
1573	13 
1574	25 
1575	11 
1576	1 
1577	27 
1578	7 
1579	13 
1580	22 
1581	13 
1582	18 
1583	1 
1584	22 
1585	9 
1586	4 
1587	18 
1588	17 
1589	6 
1590	8 
1591	20 
1592	18 
1593	21 
1594	3 
1595	13 
1596	28 
1597	15 
1598	9 
1599	14 
1600	28 
1601	4 
1602	25 
1603	19 
1604	25 
1605	18 
1606	9 
1607	27 
1608	14 
1609	21 
1610	22 
1611	28 
1612	4 
1613	16 
1614	11 
1615	15 
1616	24 
1617	6 
1618	24 
1619	12 
1620	6 
1621	17 
1622	23 
1623	4 
1624	25 
1625	6 
1626	6 
1627	6 
1628	6 
1629	4 
1630	27 
1631	13 
1632	11 
1633	13 
1634	8 
1635	26 
1636	1 
1637	13 
1638	12 
1639	19 
1640	10 
1641	11 
1642	20 
1643	4 
1644	20 
1645	5 
1646	9 
1647	9 
1648	19 
1649	11 
1650	11 
1651	6 
1652	25 
1653	28 
1654	3 
1655	25 
1656	11 
1657	8 
1658	26 
1659	2 
1660	3 
1661	6 
1662	26 
1663	22 
1664	10 
1665	25 
1666	6 
1667	1 
1668	12 
1669	16 
1670	14 
1671	26 
1672	3 
1673	28 
1674	17 
1675	4 
1676	14 
1677	20 
1678	24 
1679	5 
1680	13 
1681	3 
1682	27 
1683	17 
1684	24 
1685	27 
1686	27 
1687	11 
1688	17 
1689	14 
1690	5 
1691	12 
1692	27 
1693	23 
1694	22 
1695	2 
1696	10 
1697	9 
1698	15 
1699	27 
1700	14 
1701	17 
1702	1 
1703	4 
1704	2 
1705	27 
1706	13 
1707	3 
1708	20 
1709	5 
1710	27 
1711	5 
1712	13 
1713	17 
1714	25 
1715	23 
1716	11 
1717	24 
1718	13 
1719	28 
1720	18 
1721	13 
1722	14 
1723	28 
1724	27 
1725	10 
1726	24 
1727	23 
1728	11 
1729	15 
1730	24 
1731	6 
1732	6 
1733	28 
1734	22 
1735	27 
1736	1 
1737	5 
1738	6 
1739	16 
1740	4 
1741	2 
1742	7 
1743	25 
1744	24 
1745	24 
1746	28 
1747	11 
1748	13 
1749	11 
1750	15 
1751	7 
1752	27 
1753	11 
1754	9 
1755	25 
1756	17 
1757	24 
1758	1 
1759	11 
1760	8 
1761	28 
1762	28 
1763	26 
1764	28 
1765	17 
1766	24 
1767	10 
1768	10 
1769	28 
1770	9 
1771	14 
1772	25 
1773	22 
1774	7 
1775	14 
1776	23 
1777	24 
1778	5 
1779	4 
1780	8 
1781	6 
1782	22 
1783	3 
1784	22 
1785	22 
1786	15 
1787	27 
1788	24 
1789	27 
1790	15 
1791	6 
1792	6 
1793	12 
1794	8 
1795	28 
1796	27 
1797	26 
1798	27 
1799	15 
1800	28 
1801	12 
1802	24 
1803	13 
1804	15 
1805	2 
1806	13 
1807	15 
1808	25 
1809	23 
1810	1 
1811	9 
1812	27 
1813	1 
1814	26 
1815	22 
1816	27 
1817	2 
1818	20 
1819	7 
1820	18 
1821	24 
1822	12 
1823	1 
1824	23 
1825	1 
1826	20 
1827	18 
1828	22 
1829	17 
1830	6 
1831	18 
1832	9 
1833	5 
1834	28 
1835	15 
1836	26 
1837	27 
1838	9 
1839	11 
1840	1 
1841	15 
1842	14 
1843	23 
1844	7 
1845	18 
1846	11 
1847	6 
1848	22 
1849	13 
1850	26 
1851	17 
1852	24 
1853	24 
1854	8 
1855	19 
1856	21 
1857	1 
1858	11 
1859	16 
1860	17 
1861	6 
1862	1 
1863	9 
1864	24 
1865	11 
1866	15 
1867	28 
1868	2 
1869	24 
1870	28 
1871	26 
1872	10 
1873	21 
1874	26 
1875	13 
1876	11 
1877	11 
1878	19 
1879	21 
1880	13 
1881	3 
1882	25 
1883	19 
1884	23 
1885	6 
1886	13 
1887	25 
1888	21 
1889	9 
1890	2 
1891	21 
1892	6 
1893	4 
1894	7 
1895	16 
1896	11 
1897	11 
1898	22 
1899	21 
1900	5 
1901	1 
1902	5 
1903	10 
1904	11 
1905	21 
1906	27 
1907	12 
1908	18 
1909	13 
1910	22 
1911	27 
1912	5 
1913	5 
1914	19 
1915	12 
1916	22 
1917	4 
1918	1 
1919	27 
1920	6 
1921	24 
1922	2 
1923	4 
1924	18 
1925	13 
1926	17 
1927	16 
1928	8 
1929	18 
1930	6 
1931	7 
1932	2 
1933	27 
1934	24 
1935	27 
1936	26 
1937	13 
1938	17 
1939	19 
1940	3 
1941	28 
1942	27 
1943	24 
1944	20 
1945	20 
1946	27 
1947	26 
1948	22 
1949	2 
1950	10 
1951	14 
1952	15 
1953	20 
1954	12 
1955	4 
1956	1 
1957	6 
1958	8 
1959	4 
1960	13 
1961	27 
1962	21 
1963	27 
1964	25 
1965	20 
1966	13 
1967	26 
1968	9 
1969	16 
1970	12 
1971	13 
1972	22 
1973	8 
1974	24 
1975	15 
1976	5 
1977	1 
1978	15 
1979	20 
1980	9 
1981	3 
1982	21 
1983	5 
1984	4 
1985	9 
1986	23 
1987	13 
1988	28 
1989	19 
1990	27 
1991	28 
1992	27 
1993	8 
1994	20 
1995	6 
1996	28 
1997	25 
1998	28 
1999	13 
2000	3 
2001	1 
2002	21 
2003	7 
2004	20 
2005	15 
2006	9 
2007	14 
2008	10 
2009	7 
2010	12 
2011	26 
2012	27 
2013	17 
2014	1 
2015	7 
2016	22 
2017	24 
2018	9 
2019	17 
2020	26 
2021	22 
2022	22 
2023	3 
2024	19 
2025	17 
2026	18 
2027	25 
2028	24 
2029	21 
2030	2 
2031	2 
2032	14 
2033	27 
2034	1 
2035	5 
2036	16 
2037	11 
2038	16 
2039	22 
2040	21 
2041	4 
2042	25 
2043	14 
2044	28 
2045	26 
2046	21 
2047	7 
2048	15 
2049	7 
2050	3 
2051	19 
2052	24 
2053	13 
2054	27 
2055	20 
2056	9 
2057	17 
2058	13 
2059	7 
2060	3 
2061	3 
2062	17 
2063	1 
2064	1 
2065	15 
2066	10 
2067	2 
2068	27 
2069	15 
2070	10 
2071	25 
2072	12 
2073	24 
2074	6 
2075	25 
2076	24 
2077	25 
2078	22 
2079	27 
2080	1 
2081	5 
2082	9 
2083	27 
2084	18 
2085	27 
2086	26 
2087	9 
2088	17 
2089	26 
2090	25 
2091	4 
2092	5 
2093	24 
2094	15 
2095	8 
2096	12 
2097	23 
2098	21 
2099	18 
2100	6 
2101	10 
2102	22 
2103	10 
2104	15 
2105	14 
2106	11 
2107	7 
2108	15 
2109	2 
2110	5 
2111	7 
2112	2 
2113	23 
2114	13 
2115	24 
2116	4 
2117	4 
2118	3 
2119	3 
2120	1 
2121	9 
2122	25 
2123	27 
2124	4 
2125	25 
2126	24 
2127	2 
2128	27 
2129	11 
2130	16 
2131	21 
2132	2 
2133	13 
2134	1 
2135	25 
2136	19 
2137	7 
2138	23 
2139	10 
2140	2 
2141	28 
2142	3 
2143	4 
2144	9 
2145	11 
2146	7 
2147	2 
2148	16 
2149	8 
2150	5 
2151	1 
2152	6 
2153	2 
2154	12 
2155	23 
2156	24 
2157	24 
2158	24 
2159	10 
2160	25 
2161	17 
2162	11 
2163	26 
2164	22 
2165	15 
2166	12 
2167	20 
2168	5 
2169	8 
2170	14 
2171	16 
2172	1 
2173	15 
2174	9 
2175	12 
2176	23 
2177	16 
2178	21 
2179	12 
2180	17 
2181	16 
2182	10 
2183	24 
2184	11 
2185	14 
2186	27 
2187	3 
2188	9 
2189	6 
2190	4 
2191	22 
2192	2 
2193	24 
2194	22 
2195	27 
2196	5 
2197	11 
2198	4 
2199	6 
2200	15 
2201	24 
2202	18 
2203	4 
2204	24 
2205	25 
2206	28 
2207	19 
2208	18 
2209	15 
2210	17 
2211	12 
2212	26 
2213	2 
2214	18 
2215	9 
2216	11 
2217	5 
2218	17 
2219	5 
2220	13 
2221	7 
2222	27 
2223	11 
2224	25 
2225	5 
2226	1 
2227	12 
2228	10 
2229	10 
2230	27 
2231	17 
2232	8 
2233	8 
2234	9 
2235	17 
2236	13 
2237	23 
2238	24 
2239	28 
2240	4 
2241	27 
2242	3 
2243	4 
2244	12 
2245	9 
2246	10 
2247	1 
2248	14 
2249	24 
2250	27 
2251	24 
2252	3 
2253	26 
2254	28 
2255	21 
2256	19 
2257	7 
2258	27 
2259	22 
2260	4 
2261	25 
2262	9 
2263	9 
2264	17 
2265	13 
2266	8 
2267	26 
2268	14 
2269	11 
2270	13 
2271	6 
2272	26 
2273	12 
2274	3 
2275	9 
2276	12 
2277	6 
2278	18 
2279	20 
2280	17 
2281	24 
2282	9 
2283	15 
2284	28 
2285	9 
2286	17 
2287	22 
2288	17 
2289	9 
2290	24 
2291	7 
2292	8 
2293	21 
2294	25 
2295	9 
2296	7 
2297	4 
2298	21 
2299	9 
2300	5 
2301	6 
2302	9 
2303	9 
2304	14 
2305	21 
2306	12 
2307	6 
2308	5 
2309	15 
2310	2 
2311	15 
2312	28 
2313	4 
2314	3 
2315	26 
2316	9 
2317	14 
2318	11 
2319	11 
2320	26 
2321	13 
2322	12 
2323	22 
2324	7 
2325	13 
2326	9 
2327	8 
2328	8 
2329	24 
2330	1 
2331	7 
2332	11 
2333	8 
2334	12 
2335	4 
2336	9 
2337	24 
2338	28 
2339	18 
2340	27 
2341	23 
2342	18 
2343	22 
2344	20 
2345	10 
2346	12 
2347	4 
2348	22 
2349	6 
2350	8 
2351	24 
2352	13 
2353	8 
2354	27 
2355	9 
2356	13 
2357	21 
2358	15 
2359	16 
2360	11 
2361	5 
2362	16 
2363	25 
2364	15 
2365	19 
2366	28 
2367	10 
2368	1 
2369	25 
2370	13 
2371	4 
2372	21 
2373	27 
2374	24 
2375	14 
2376	4 
2377	14 
2378	11 
2379	3 
2380	3 
2381	4 
2382	4 
2383	12 
2384	4 
2385	10 
2386	7 
2387	3 
2388	5 
2389	11 
2390	28 
2391	27 
2392	19 
2393	11 
2394	15 
2395	19 
2396	24 
2397	14 
2398	7 
2399	17 
2400	5 
2401	23 
2402	9 
2403	20 
2404	13 
2405	27 
2406	2 
2407	8 
2408	2 
2409	24 
2410	2 
2411	2 
2412	26 
2413	6 
2414	18 
2415	8 
2416	20 
2417	2 
2418	13 
2419	5 
2420	26 
2421	1 
2422	28 
2423	24 
2424	19 
2425	28 
2426	25 
2427	7 
2428	19 
2429	2 
2430	24 
2431	13 
2432	9 
2433	14 
2434	6 
2435	28 
2436	23 
2437	15 
2438	8 
2439	11 
2440	10 
2441	9 
2442	17 
2443	23 
2444	9 
2445	10 
2446	12 
2447	25 
2448	15 
2449	13 
2450	5 
2451	19 
2452	11 
2453	14 
2454	28 
2455	28 
2456	9 
2457	25 
2458	13 
2459	6 
2460	4 
2461	4 
2462	27 
2463	1 
2464	26 
2465	15 
2466	6 
2467	6 
2468	28 
2469	5 
2470	28 
2471	22 
2472	2 
2473	2 
2474	11 
2475	17 
2476	1 
2477	25 
2478	9 
2479	23 
2480	26 
2481	8 
2482	18 
2483	25 
2484	4 
2485	25 
2486	16 
2487	15 
2488	13 
2489	24 
2490	25 
2491	8 
2492	9 
2493	24 
2494	2 
2495	23 
2496	9 
2497	3 
2498	19 
2499	27 
2500	28 
2501	27 
2502	9 
2503	4 
2504	2 
2505	25 
2506	7 
2507	19 
2508	14 
2509	6 
2510	18 
2511	17 
2512	1 
2513	11 
2514	19 
2515	14 
2516	24 
2517	4 
2518	18 
2519	13 
2520	25 
2521	11 
2522	1 
2523	22 
2524	12 
2525	18 
2526	7 
2527	6 
2528	6 
2529	22 
2530	14 
2531	25 
2532	2 
2533	15 
2534	25 
2535	19 
2536	19 
2537	4 
2538	6 
2539	2 
2540	9 
2541	11 
2542	2 
2543	19 
2544	22 
2545	25 
2546	13 
2547	20 
2548	28 
2549	15 
2550	19 
2551	23 
2552	26 
2553	7 
2554	6 
2555	25 
2556	6 
2557	13 
2558	9 
2559	12 
2560	3 
2561	28 
2562	15 
2563	20 
2564	18 
2565	20 
2566	9 
2567	4 
2568	24 
2569	4 
2570	20 
2571	3 
2572	4 
2573	26 
2574	22 
2575	26 
2576	1 
2577	4 
2578	20 
2579	24 
2580	10 
2581	27 
2582	23 
2583	16 
2584	20 
2585	1 
2586	23 
2587	23 
2588	11 
2589	4 
2590	25 
2591	24 
2592	27 
2593	25 
2594	4 
2595	10 
2596	28 
2597	27 
2598	19 
2599	22 
2600	15 
2601	22 
2602	6 
2603	4 
2604	9 
2605	15 
2606	11 
2607	5 
2608	15 
2609	28 
2610	3 
2611	24 
2612	10 
2613	11 
2614	23 
2615	12 
2616	4 
2617	15 
2618	17 
2619	15 
2620	13 
2621	27 
2622	22 
2623	14 
2624	17 
2625	25 
2626	21 
2627	10 
2628	11 
2629	4 
2630	20 
2631	21 
2632	27 
2633	6 
2634	23 
2635	26 
2636	24 
2637	12 
2638	14 
2639	5 
2640	20 
2641	1 
2642	12 
2643	27 
2644	6 
2645	13 
2646	15 
2647	15 
2648	18 
2649	4 
2650	14 
2651	3 
2652	4 
2653	2 
2654	5 
2655	23 
2656	11 
2657	15 
2658	22 
2659	25 
2660	11 
2661	9 
2662	1 
2663	10 
2664	15 
2665	8 
2666	20 
2667	27 
2668	14 
2669	27 
2670	13 
2671	19 
2672	12 
2673	10 
2674	7 
2675	17 
2676	9 
2677	3 
2678	10 
2679	11 
2680	5 
2681	21 
2682	9 
2683	18 
2684	12 
2685	16 
2686	17 
2687	13 
2688	20 
2689	13 
2690	13 
2691	22 
2692	20 
2693	9 
2694	24 
2695	28 
2696	19 
2697	25 
2698	23 
2699	1 
2700	28 
2701	28 
2702	5 
2703	16 
2704	11 
2705	18 
2706	8 
2707	24 
2708	7 
2709	6 
2710	1 
2711	12 
2712	12 
2713	12 
2714	12 
2715	9 
2716	10 
2717	6 
2718	21 
2719	4 
2720	3 
2721	10 
2722	11 
2723	9 
2724	4 
2725	16 
2726	22 
2727	19 
2728	20 
2729	21 
2730	8 
2731	12 
2732	20 
2733	14 
2734	16 
2735	27 
2736	5 
2737	12 
2738	18 
2739	5 
2740	27 
2741	5 
2742	18 
2743	20 
2744	14 
2745	1 
2746	17 
2747	1 
2748	25 
2749	12 
2750	6 
2751	26 
2752	3 
2753	14 
2754	21 
2755	8 
2756	11 
2757	20 
2758	19 
2759	19 
2760	24 
2761	9 
2762	25 
2763	11 
2764	24 
2765	13 
2766	5 
2767	10 
2768	28 
2769	14 
2770	16 
2771	19 
2772	24 
2773	21 
2774	25 
2775	25 
2776	17 
2777	7 
2778	18 
2779	27 
2780	8 
2781	4 
2782	9 
2783	27 
2784	6 
2785	18 
2786	24 
2787	22 
2788	27 
2789	28 
2790	9 
2791	19 
2792	25 
2793	14 
2794	20 
2795	17 
2796	9 
2797	13 
2798	27 
2799	24 
2800	18 
2801	22 
2802	9 
2803	22 
2804	4 
2805	4 
2806	13 
2807	11 
2808	18 
2809	4 
2810	17 
2811	10 
2812	12 
2813	28 
2814	6 
2815	11 
2816	24 
2817	18 
2818	14 
2819	18 
2820	1 
2821	22 
2822	21 
2823	4 
2824	9 
2825	25 
2826	11 
2827	16 
2828	16 
2829	6 
2830	22 
2831	16 
2832	24 
2833	17 
2834	15 
2835	15 
2836	10 
2837	19 
2838	13 
2839	6 
2840	21 
2841	1 
2842	13 
2843	12 
2844	6 
2845	2 
2846	27 
2847	10 
2848	7 
2849	3 
2850	4 
2851	11 
2852	23 
2853	28 
2854	10 
2855	3 
2856	23 
2857	15 
2858	27 
2859	16 
2860	12 
2861	21 
2862	10 
2863	26 
2864	21 
2865	24 
2866	5 
2867	8 
2868	7 
2869	27 
2870	1 
2871	4 
2872	25 
2873	9 
2874	12 
2875	22 
2876	16 
2877	10 
2878	6 
2879	3 
2880	28 
2881	12 
2882	20 
2883	26 
2884	5 
2885	25 
2886	26 
2887	27 
2888	27 
2889	19 
2890	18 
2891	5 
2892	18 
2893	16 
2894	5 
2895	10 
2896	21 
2897	24 
2898	21 
2899	7 
2900	12 
2901	16 
2902	18 
2903	9 
2904	18 
2905	1 
2906	21 
2907	16 
2908	28 
2909	1 
2910	18 
2911	21 
2912	14 
2913	27 
2914	22 
2915	12 
2916	27 
2917	23 
2918	2 
2919	11 
2920	28 
2921	6 
2922	4 
2923	17 
2924	13 
2925	12 
2926	1 
2927	12 
2928	23 
2929	2 
2930	2 
2931	7 
2932	12 
2933	12 
2934	9 
2935	27 
2936	6 
2937	3 
2938	4 
2939	9 
2940	25 
2941	9 
2942	2 
2943	3 
2944	10 
2945	13 
2946	6 
2947	25 
2948	26 
2949	4 
2950	26 
2951	12 
2952	25 
2953	5 
2954	14 
2955	15 
2956	20 
2957	8 
2958	1 
2959	10 
2960	25 
2961	4 
2962	9 
2963	24 
2964	24 
2965	16 
2966	21 
2967	5 
2968	11 
2969	13 
2970	5 
2971	23 
2972	14 
2973	9 
2974	27 
2975	24 
2976	22 
2977	17 
2978	13 
2979	3 
2980	13 
2981	21 
2982	8 
2983	24 
2984	1 
2985	20 
2986	2 
2987	4 
2988	7 
2989	10 
2990	16 
2991	12 
2992	1 
2993	25 
2994	27 
2995	27 
2996	25 
2997	24 
2998	25 
2999	7 
3000	13 
3001	5 
3002	28 
3003	25 
3004	3 
3005	13 
3006	8 
3007	21 
3008	19 
3009	4 
3010	1 
3011	13 
3012	21 
3013	10 
3014	6 
3015	21 
3016	20 
3017	1 
3018	12 
3019	22 
3020	28 
3021	11 
3022	9 
3023	10 
3024	9 
3025	21 
3026	22 
3027	4 
3028	2 
3029	28 
3030	27 
3031	24 
3032	25 
3033	9 
3034	11 
3035	15 
3036	21 
3037	6 
3038	25 
3039	7 
3040	12 
3041	21 
3042	27 
3043	10 
3044	17 
3045	28 
3046	21 
3047	3 
3048	27 
3049	8 
3050	3 
3051	12 
3052	22 
3053	18 
3054	17 
3055	16 
3056	9 
3057	6 
3058	14 
3059	17 
3060	6 
3061	7 
3062	6 
3063	13 
3064	27 
3065	17 
3066	6 
3067	21 
3068	12 
3069	11 
3070	25 
3071	1 
3072	14 
3073	11 
3074	1 
3075	24 
3076	6 
3077	8 
3078	11 
3079	12 
3080	1 
3081	18 
3082	11 
3083	9 
3084	8 
3085	7 
3086	1 
3087	13 
3088	4 
3089	12 
3090	21 
3091	24 
3092	20 
3093	4 
3094	26 
3095	23 
3096	4 
3097	25 
3098	26 
3099	26 
3100	8 
3101	10 
3102	13 
3103	23 
3104	21 
3105	15 
3106	14 
3107	11 
3108	7 
3109	24 
3110	18 
3111	28 
3112	24 
3113	27 
3114	8 
3115	10 
3116	26 
3117	27 
3118	14 
3119	8 
3120	2 
3121	21 
3122	2 
3123	4 
3124	12 
3125	28 
3126	4 
3127	10 
3128	6 
3129	22 
3130	24 
3131	14 
3132	14 
3133	20 
3134	22 
3135	6 
3136	11 
3137	5 
3138	27 
3139	13 
3140	25 
3141	3 
3142	18 
3143	10 
3144	24 
3145	13 
3146	21 
3147	5 
3148	4 
3149	9 
3150	24 
3151	7 
3152	27 
3153	25 
3154	10 
3155	26 
3156	8 
3157	18 
3158	22 
3159	27 
3160	17 
3161	5 
3162	13 
3163	16 
3164	28 
3165	13 
3166	12 
3167	21 
3168	7 
3169	13 
3170	12 
3171	25 
3172	24 
3173	5 
3174	7 
3175	23 
3176	27 
3177	15 
3178	9 
3179	22 
3180	4 
3181	15 
3182	23 
3183	14 
3184	15 
3185	28 
3186	12 
3187	6 
3188	5 
3189	16 
3190	5 
3191	24 
3192	17 
3193	12 
3194	4 
3195	10 
3196	9 
3197	1 
3198	15 
3199	26 
3200	8 
3201	17 
3202	5 
3203	3 
3204	10 
3205	10 
3206	27 
3207	8 
3208	4 
3209	27 
3210	16 
3211	28 
3212	10 
3213	25 
3214	24 
3215	6 
3216	7 
3217	9 
3218	22 
3219	11 
3220	14 
3221	27 
3222	1 
3223	28 
3224	28 
3225	7 
3226	20 
3227	2 
3228	5 
3229	19 
3230	9 
3231	27 
3232	21 
3233	1 
3234	7 
3235	21 
3236	9 
3237	8 
3238	17 
3239	7 
3240	2 
3241	26 
3242	21 
3243	27 
3244	1 
3245	1 
3246	27 
3247	25 
3248	4 
3249	7 
3250	28 
3251	28 
3252	14 
3253	5 
3254	9 
3255	3 
3256	7 
3257	18 
3258	2 
3259	13 
3260	3 
3261	28 
3262	17 
3263	28 
3264	12 
3265	14 
3266	5 
3267	1 
3268	16 
3269	21 
3270	15 
3271	4 
3272	6 
3273	21 
3274	10 
3275	23 
3276	18 
3277	21 
3278	10 
3279	11 
3280	8 
3281	24 
3282	24 
3283	5 
3284	22 
3285	6 
3286	5 
3287	20 
3288	4 
3289	1 
3290	16 
3291	15 
3292	7 
3293	4 
3294	28 
3295	22 
3296	13 
3297	5 
3298	5 
3299	1 
3300	19 
3301	27 
3302	22 
3303	6 
3304	15 
3305	7 
3306	28 
3307	5 
3308	1 
3309	5 
3310	16 
3311	24 
3312	13 
3313	5 
3314	4 
3315	10 
3316	16 
3317	21 
3318	17 
3319	18 
3320	23 
3321	25 
3322	2 
3323	14 
3324	15 
3325	24 
3326	15 
3327	27 
3328	4 
3329	14 
3330	14 
3331	11 
3332	25 
3333	8 
3334	14 
3335	11 
3336	24 
3337	9 
3338	1 
3339	16 
3340	10 
3341	17 
3342	5 
3343	6 
3344	21 
3345	24 
3346	14 
3347	20 
3348	14 
3349	1 
3350	27 
3351	3 
3352	20 
3353	5 
3354	24 
3355	7 
3356	25 
3357	14 
3358	16 
3359	20 
3360	6 
3361	27 
3362	24 
3363	6 
3364	27 
3365	16 
3366	25 
3367	12 
3368	12 
3369	5 
3370	10 
3371	24 
3372	6 
3373	27 
3374	12 
3375	17 
3376	9 
3377	20 
3378	22 
3379	9 
3380	4 
3381	27 
3382	13 
3383	4 
3384	6 
3385	5 
3386	11 
3387	18 
3388	1 
3389	18 
3390	27 
3391	27 
3392	28 
3393	18 
3394	8 
3395	4 
3396	7 
3397	10 
3398	4 
3399	28 
3400	7 
3401	26 
3402	2 
3403	6 
3404	25 
3405	24 
3406	6 
3407	13 
3408	27 
3409	25 
3410	26 
3411	19 
3412	22 
3413	18 
3414	26 
3415	15 
3416	6 
3417	1 
3418	19 
3419	15 
3420	21 
3421	4 
3422	15 
3423	24 
3424	17 
3425	28 
3426	9 
3427	15 
3428	6 
3429	24 
3430	3 
3431	27 
3432	28 
3433	7 
3434	20 
3435	3 
3436	19 
3437	2 
3438	4 
3439	17 
3440	12 
3441	18 
3442	27 
3443	5 
3444	10 
3445	21 
3446	23 
3447	27 
3448	11 
3449	9 
3450	13 
3451	11 
3452	9 
3453	28 
3454	4 
3455	9 
3456	12 
3457	26 
3458	12 
3459	15 
3460	27 
3461	28 
3462	12 
3463	26 
3464	25 
3465	7 
3466	15 
3467	15 
3468	15 
3469	1 
3470	12 
3471	16 
3472	16 
3473	17 
3474	27 
3475	10 
3476	2 
3477	16 
3478	23 
3479	24 
3480	6 
3481	27 
3482	10 
3483	27 
3484	19 
3485	2 
3486	28 
3487	27 
3488	6 
3489	18 
3490	17 
3491	7 
3492	4 
3493	12 
3494	24 
3495	21 
3496	16 
3497	17 
3498	25 
3499	6 
3500	5 
3501	7 
3502	7 
3503	25 
3504	6 
3505	14 
3506	24 
3507	25 
3508	3 
3509	18 
3510	25 
3511	4 
3512	14 
3513	28 
3514	19 
3515	24 
3516	3 
3517	15 
3518	9 
3519	28 
3520	12 
3521	14 
3522	13 
3523	9 
3524	16 
3525	6 
3526	4 
3527	20 
3528	18 
3529	1 
3530	10 
3531	9 
3532	13 
3533	4 
3534	16 
3535	15 
3536	13 
3537	2 
3538	24 
3539	5 
3540	15 
3541	22 
3542	24 
3543	7 
3544	24 
3545	10 
3546	12 
3547	12 
3548	28 
3549	3 
3550	18 
3551	4 
3552	24 
3553	26 
3554	27 
3555	3 
3556	28 
3557	13 
3558	27 
3559	13 
3560	19 
3561	5 
3562	5 
3563	3 
3564	24 
3565	12 
3566	16 
3567	13 
3568	15 
3569	26 
3570	22 
3571	23 
3572	5 
3573	1 
3574	7 
3575	17 
3576	23 
3577	10 
3578	23 
3579	7 
3580	22 
3581	14 
3582	27 
3583	28 
3584	7 
3585	25 
3586	24 
3587	24 
3588	12 
3589	21 
3590	20 
3591	6 
3592	27 
3593	10 
3594	24 
3595	4 
3596	13 
3597	18 
3598	26 
3599	27 
3600	6 
3601	1 
3602	16 
3603	25 
3604	28 
3605	1 
3606	8 
3607	9 
3608	18 
3609	20 
3610	15 
3611	17 
3612	3 
3613	13 
3614	7 
3615	27 
3616	4 
3617	1 
3618	21 
3619	9 
3620	6 
3621	14 
3622	12 
3623	21 
3624	5 
3625	28 
3626	6 
3627	27 
3628	21 
3629	5 
3630	25 
3631	23 
3632	24 
3633	9 
3634	26 
3635	28 
3636	13 
3637	25 
3638	21 
3639	12 
3640	20 
3641	6 
3642	10 
3643	20 
3644	21 
3645	13 
3646	4 
3647	28 
3648	13 
3649	24 
3650	25 
3651	19 
3652	2 
3653	18 
3654	7 
3655	1 
3656	22 
3657	9 
3658	6 
3659	3 
3660	24 
3661	22 
3662	1 
3663	11 
3664	22 
3665	3 
3666	26 
3667	27 
3668	24 
3669	14 
3670	2 
3671	25 
3672	4 
3673	25 
3674	12 
3675	5 
3676	9 
3677	20 
3678	12 
3679	1 
3680	4 
3681	10 
3682	18 
3683	7 
3684	25 
3685	6 
3686	27 
3687	21 
3688	9 
3689	27 
3690	17 
3691	8 
3692	14 
3693	9 
3694	28 
3695	3 
3696	25 
3697	27 
3698	5 
3699	22 
3700	19 
3701	3 
3702	16 
3703	3 
3704	14 
3705	19 
3706	13 
3707	21 
3708	14 
3709	14 
3710	13 
3711	18 
3712	19 
3713	1 
3714	24 
3715	1 
3716	14 
3717	14 
3718	27 
3719	12 
3720	6 
3721	14 
3722	21 
3723	3 
3724	3 
3725	9 
3726	10 
3727	21 
3728	24 
3729	15 
3730	23 
3731	21 
3732	25 
3733	14 
3734	25 
3735	13 
3736	26 
3737	10 
3738	27 
3739	6 
3740	8 
3741	1 
3742	26 
3743	9 
3744	1 
3745	5 
3746	20 
3747	24 
3748	27 
3749	6 
3750	26 
3751	8 
3752	9 
3753	24 
3754	19 
3755	27 
3756	13 
3757	25 
3758	13 
3759	11 
3760	12 
3761	25 
3762	5 
3763	21 
3764	10 
3765	16 
3766	16 
3767	7 
3768	27 
3769	10 
3770	10 
3771	13 
3772	10 
3773	7 
3774	20 
3775	6 
3776	15 
3777	25 
3778	25 
3779	26 
3780	22 
3781	19 
3782	19 
3783	12 
3784	12 
3785	15 
3786	19 
3787	27 
3788	9 
3789	20 
3790	23 
3791	9 
3792	14 
3793	19 
3794	2 
3795	22 
3796	8 
3797	17 
3798	13 
3799	12 
3800	14 
3801	1 
3802	8 
3803	28 
3804	10 
3805	27 
3806	9 
3807	12 
3808	22 
3809	9 
3810	2 
3811	1 
3812	17 
3813	7 
3814	20 
3815	28 
3816	27 
3817	2 
3818	24 
3819	4 
3820	5 
3821	5 
3822	5 
3823	27 
3824	28 
3825	24 
3826	24 
3827	28 
3828	10 
3829	15 
3830	18 
3831	4 
3832	9 
3833	13 
3834	12 
3835	26 
3836	16 
3837	15 
3838	4 
3839	3 
3840	15 
3841	12 
3842	11 
3843	4 
3844	27 
3845	13 
3846	4 
3847	18 
3848	6 
3849	11 
3850	12 
3851	19 
3852	6 
3853	8 
3854	6 
3855	1 
3856	4 
3857	5 
3858	20 
3859	27 
3860	13 
3861	4 
3862	15 
3863	26 
3864	21 
3865	19 
3866	28 
3867	14 
3868	3 
3869	1 
3870	5 
3871	10 
3872	19 
3873	13 
3874	6 
3875	7 
3876	2 
3877	13 
3878	4 
3879	11 
3880	5 
3881	20 
3882	21 
3883	16 
3884	21 
3885	5 
3886	8 
3887	17 
3888	17 
3889	26 
3890	26 
3891	15 
3892	21 
3893	6 
3894	21 
3895	1 
3896	27 
3897	18 
3898	27 
3899	1 
3900	26 
3901	12 
3902	17 
3903	20 
3904	12 
3905	9 
3906	16 
3907	9 
3908	13 
3909	1 
3910	27 
3911	11 
3912	24 
3913	5 
3914	15 
3915	25 
3916	7 
3917	18 
3918	16 
3919	13 
3920	28 
3921	13 
3922	4 
3923	6 
3924	22 
3925	13 
3926	11 
3927	1 
3928	3 
3929	23 
3930	10 
3931	6 
3932	4 
3933	10 
3934	27 
3935	9 
3936	2 
3937	20 
3938	24 
3939	20 
3940	18 
3941	27 
3942	10 
3943	10 
3944	20 
3945	27 
3946	23 
3947	21 
3948	25 
3949	28 
3950	27 
3951	24 
3952	9 
3953	14 
3954	21 
3955	21 
3956	12 
3957	27 
3958	15 
3959	19 
3960	15 
3961	9 
3962	5 
3963	1 
3964	18 
3965	24 
3966	27 
3967	20 
3968	18 
3969	24 
3970	5 
3971	28 
3972	15 
3973	20 
3974	26 
3975	28 
3976	4 
3977	1 
3978	27 
3979	14 
3980	10 
3981	5 
3982	19 
3983	28 
3984	1 
3985	12 
3986	27 
3987	25 
3988	22 
3989	14 
3990	20 
3991	26 
3992	26 
3993	18 
3994	13 
3995	13 
3996	10 
3997	13 
3998	5 
3999	26 
4000	15 
4001	22 
4002	26 
4003	19 
4004	27 
4005	26 
4006	2 
4007	20 
4008	13 
4009	23 
4010	13 
4011	6 
4012	16 
4013	25 
4014	3 
4015	13 
4016	27 
4017	4 
4018	21 
4019	12 
4020	6 
4021	27 
4022	11 
4023	23 
4024	13 
4025	4 
4026	26 
4027	22 
4028	7 
4029	24 
4030	9 
4031	26 
4032	4 
4033	17 
4034	17 
4035	13 
4036	22 
4037	20 
4038	13 
4039	15 
4040	23 
4041	28 
4042	7 
4043	25 
4044	18 
4045	9 
4046	19 
4047	11 
4048	25 
4049	15 
4050	6 
4051	11 
4052	6 
4053	26 
4054	11 
4055	17 
4056	21 
4057	18 
4058	28 
4059	28 
4060	28 
4061	10 
4062	5 
4063	3 
4064	26 
4065	22 
4066	5 
4067	23 
4068	6 
4069	28 
4070	27 
4071	7 
4072	22 
4073	28 
4074	11 
4075	20 
4076	15 
4077	12 
4078	25 
4079	1 
4080	12 
4081	12 
4082	5 
4083	7 
4084	13 
4085	1 
4086	16 
4087	15 
4088	18 
4089	20 
4090	13 
4091	12 
4092	16 
4093	28 
4094	3 
4095	28 
4096	7 
4097	9 
4098	10 
4099	3 
4100	5 
4101	23 
4102	27 
4103	15 
4104	15 
4105	9 
4106	4 
4107	16 
4108	22 
4109	13 
4110	20 
4111	2 
4112	27 
4113	27 
4114	15 
4115	21 
4116	4 
4117	28 
4118	25 
4119	15 
4120	2 
4121	5 
4122	25 
4123	27 
4124	10 
4125	24 
4126	27 
4127	28 
4128	28 
4129	15 
4130	20 
4131	13 
4132	20 
4133	17 
4134	18 
4135	6 
4136	4 
4137	16 
4138	6 
4139	26 
4140	9 
4141	7 
4142	7 
4143	10 
4144	22 
4145	1 
4146	16 
4147	15 
4148	13 
4149	14 
4150	14 
4151	15 
4152	1 
4153	5 
4154	14 
4155	7 
4156	21 
4157	5 
4158	9 
4159	6 
4160	2 
4161	2 
4162	6 
4163	27 
4164	17 
4165	26 
4166	9 
4167	19 
4168	10 
4169	8 
4170	17 
4171	25 
4172	9 
4173	28 
4174	24 
4175	3 
4176	28 
4177	17 
4178	25 
4179	22 
4180	21 
4181	24 
4182	25 
4183	28 
4184	10 
4185	16 
4186	24 
4187	6 
4188	27 
4189	7 
4190	10 
4191	26 
4192	13 
4193	13 
4194	24 
4195	26 
4196	1 
4197	25 
4198	16 
4199	24 
4200	14 
4201	24 
4202	2 
4203	9 
4204	18 
4205	24 
4206	3 
4207	26 
4208	23 
4209	15 
4210	9 
4211	2 
4212	28 
4213	15 
4214	6 
4215	11 
4216	1 
4217	7 
4218	7 
4219	25 
4220	18 
4221	11 
4222	22 
4223	6 
4224	20 
4225	27 
4226	11 
4227	19 
4228	6 
4229	3 
4230	18 
4231	1 
4232	21 
4233	27 
4234	24 
4235	15 
4236	7 
4237	4 
4238	4 
4239	15 
4240	24 
4241	25 
4242	16 
4243	4 
4244	3 
4245	22 
4246	1 
4247	24 
4248	27 
4249	21 
4250	4 
4251	7 
4252	22 
4253	13 
4254	17 
4255	3 
4256	9 
4257	7 
4258	3 
4259	3 
4260	13 
4261	12 
4262	24 
4263	9 
4264	10 
4265	28 
4266	28 
4267	10 
4268	12 
4269	7 
4270	7 
4271	11 
4272	1 
4273	27 
4274	4 
4275	17 
4276	28 
4277	7 
4278	18 
4279	21 
4280	5 
4281	21 
4282	25 
4283	9 
4284	26 
4285	11 
4286	17 
4287	6 
4288	21 
4289	19 
4290	10 
4291	9 
4292	4 
4293	27 
4294	20 
4295	19 
4296	16 
4297	13 
4298	23 
4299	23 
4300	4 
4301	25 
4302	21 
4303	27 
4304	27 
4305	27 
4306	9 
4307	8 
4308	13 
4309	12 
4310	8 
4311	11 
4312	28 
4313	8 
4314	25 
4315	24 
4316	16 
4317	27 
4318	12 
4319	12 
4320	2 
4321	14 
4322	1 
4323	26 
4324	28 
4325	24 
4326	6 
4327	15 
4328	27 
4329	9 
4330	8 
4331	3 
4332	22 
4333	24 
4334	2 
4335	12 
4336	10 
4337	14 
4338	5 
4339	27 
4340	16 
4341	18 
4342	4 
4343	14 
4344	27 
4345	22 
4346	21 
4347	1 
4348	13 
4349	22 
4350	27 
4351	12 
4352	28 
4353	1 
4354	24 
4355	2 
4356	25 
4357	21 
4358	27 
4359	23 
4360	15 
4361	7 
4362	6 
4363	21 
4364	27 
4365	19 
4366	9 
4367	18 
4368	18 
4369	5 
4370	12 
4371	22 
4372	21 
4373	10 
4374	25 
4375	9 
4376	25 
4377	5 
4378	17 
4379	3 
4380	13 
4381	21 
4382	5 
4383	13 
4384	27 
4385	9 
4386	1 
4387	12 
4388	4 
4389	17 
4390	21 
4391	21 
4392	12 
4393	4 
4394	7 
4395	11 
4396	16 
4397	13 
4398	12 
4399	8 
4400	7 
4401	10 
4402	14 
4403	11 
4404	18 
4405	4 
4406	13 
4407	9 
4408	17 
4409	8 
4410	23 
4411	1 
4412	25 
4413	27 
4414	1 
4415	17 
4416	8 
4417	24 
4418	18 
4419	5 
4420	12 
4421	12 
4422	20 
4423	8 
4424	20 
4425	10 
4426	17 
4427	4 
4428	11 
4429	28 
4430	3 
4431	15 
4432	24 
4433	10 
4434	9 
4435	28 
4436	17 
4437	20 
4438	7 
4439	4 
4440	6 
4441	22 
4442	17 
4443	7 
4444	26 
4445	9 
4446	15 
4447	26 
4448	16 
4449	20 
4450	11 
4451	15 
4452	10 
4453	12 
4454	7 
4455	18 
4456	8 
4457	4 
4458	25 
4459	21 
4460	6 
4461	21 
4462	10 
4463	25 
4464	2 
4465	16 
4466	20 
4467	23 
4468	9 
4469	27 
4470	16 
4471	14 
4472	17 
4473	25 
4474	10 
4475	1 
4476	2 
4477	15 
4478	4 
4479	24 
4480	15 
4481	6 
4482	15 
4483	1 
4484	23 
4485	17 
4486	15 
4487	15 
4488	4 
4489	9 
4490	26 
4491	27 
4492	18 
4493	6 
4494	23 
4495	9 
4496	6 
4497	25 
4498	12 
4499	1 
4500	9 
4501	20 
4502	14 
4503	11 
4504	17 
4505	11 
4506	2 
4507	28 
4508	18 
4509	6 
4510	11 
4511	22 
4512	20 
4513	20 
4514	9 
4515	15 
4516	9 
4517	1 
4518	4 
4519	9 
4520	15 
4521	25 
4522	11 
4523	1 
4524	22 
4525	4 
4526	27 
4527	19 
4528	17 
4529	5 
4530	23 
4531	7 
4532	9 
4533	26 
4534	28 
4535	24 
4536	25 
4537	23 
4538	5 
4539	24 
4540	8 
4541	3 
4542	8 
4543	19 
4544	22 
4545	15 
4546	27 
4547	22 
4548	2 
4549	14 
4550	7 
4551	9 
4552	13 
4553	9 
4554	14 
4555	22 
4556	2 
4557	6 
4558	11 
4559	27 
4560	6 
4561	10 
4562	2 
4563	14 
4564	12 
4565	22 
4566	25 
4567	22 
4568	13 
4569	13 
4570	5 
4571	21 
4572	24 
4573	8 
4574	26 
4575	24 
4576	17 
4577	9 
4578	11 
4579	25 
4580	10 
4581	1 
4582	1 
4583	10 
4584	25 
4585	22 
4586	14 
4587	6 
4588	11 
4589	28 
4590	4 
4591	28 
4592	9 
4593	14 
4594	19 
4595	28 
4596	18 
4597	9 
4598	11 
4599	6 
4600	24 
4601	6 
4602	18 
4603	4 
4604	15 
4605	18 
4606	5 
4607	7 
4608	16 
4609	17 
4610	7 
4611	1 
4612	7 
4613	28 
4614	27 
4615	8 
4616	28 
4617	1 
4618	13 
4619	13 
4620	14 
4621	9 
4622	15 
4623	5 
4624	9 
4625	10 
4626	25 
4627	28 
4628	17 
4629	1 
4630	28 
4631	6 
4632	11 
4633	13 
4634	7 
4635	21 
4636	11 
4637	22 
4638	14 
4639	27 
4640	28 
4641	23 
4642	8 
4643	13 
4644	24 
4645	18 
4646	14 
4647	27 
4648	27 
4649	28 
4650	8 
4651	19 
4652	16 
4653	17 
4654	4 
4655	12 
4656	21 
4657	4 
4658	26 
4659	19 
4660	23 
4661	23 
4662	24 
4663	27 
4664	4 
4665	21 
4666	3 
4667	5 
4668	14 
4669	11 
4670	2 
4671	24 
4672	4 
4673	9 
4674	21 
4675	21 
4676	5 
4677	8 
4678	15 
4679	28 
4680	8 
4681	25 
4682	17 
4683	7 
4684	7 
4685	25 
4686	18 
4687	10 
4688	26 
4689	8 
4690	27 
4691	10 
4692	15 
4693	24 
4694	4 
4695	4 
4696	22 
4697	22 
4698	17 
4699	7 
4700	1 
4701	14 
4702	22 
4703	8 
4704	5 
4705	23 
4706	16 
4707	21 
4708	15 
4709	12 
4710	3 
4711	16 
4712	24 
4713	12 
4714	22 
4715	5 
4716	7 
4717	3 
4718	6 
4719	8 
4720	3 
4721	5 
4722	27 
4723	10 
4724	20 
4725	4 
4726	25 
4727	27 
4728	28 
4729	17 
4730	23 
4731	16 
4732	21 
4733	15 
4734	3 
4735	7 
4736	9 
4737	23 
4738	1 
4739	24 
4740	27 
4741	2 
4742	1 
4743	27 
4744	24 
4745	22 
4746	13 
4747	10 
4748	28 
4749	16 
4750	27 
4751	18 
4752	6 
4753	25 
4754	12 
4755	9 
4756	22 
4757	22 
4758	5 
4759	7 
4760	6 
4761	5 
4762	14 
4763	13 
4764	6 
4765	24 
4766	14 
4767	10 
4768	28 
4769	20 
4770	13 
4771	25 
4772	25 
4773	9 
4774	25 
4775	12 
4776	17 
4777	28 
4778	11 
4779	3 
4780	11 
4781	28 
4782	24 
4783	24 
4784	7 
4785	19 
4786	22 
4787	1 
4788	21 
4789	4 
4790	20 
4791	21 
4792	6 
4793	1 
4794	7 
4795	8 
4796	6 
4797	4 
4798	17 
4799	5 
4800	1 
4801	6 
4802	23 
4803	16 
4804	14 
4805	28 
4806	25 
4807	14 
4808	27 
4809	26 
4810	18 
4811	21 
4812	17 
4813	24 
4814	4 
4815	26 
4816	3 
4817	9 
4818	12 
4819	24 
4820	27 
4821	13 
4822	25 
4823	25 
4824	22 
4825	2 
4826	27 
4827	14 
4828	23 
4829	15 
4830	4 
4831	9 
4832	5 
4833	28 
4834	27 
4835	16 
4836	21 
4837	7 
4838	7 
4839	13 
4840	1 
4841	10 
4842	23 
4843	2 
4844	15 
4845	5 
4846	28 
4847	24 
4848	11 
4849	24 
4850	27 
4851	6 
4852	28 
4853	6 
4854	25 
4855	20 
4856	9 
4857	27 
4858	28 
4859	27 
4860	5 
4861	10 
4862	27 
4863	27 
4864	5 
4865	18 
4866	28 
4867	5 
4868	21 
4869	6 
4870	22 
4871	28 
4872	15 
4873	21 
4874	26 
4875	28 
4876	5 
4877	9 
4878	9 
4879	4 
4880	26 
4881	21 
4882	4 
4883	8 
4884	3 
4885	28 
4886	22 
4887	3 
4888	3 
4889	19 
4890	27 
4891	7 
4892	21 
4893	15 
4894	25 
4895	27 
4896	27 
4897	26 
4898	10 
4899	16 
4900	17 
4901	8 
4902	14 
4903	23 
4904	21 
4905	12 
4906	4 
4907	18 
4908	12 
4909	8 
4910	26 
4911	11 
4912	4 
4913	28 
4914	3 
4915	5 
4916	22 
4917	1 
4918	6 
4919	16 
4920	26 
4921	9 
4922	12 
4923	27 
4924	21 
4925	15 
4926	1 
4927	9 
4928	13 
4929	28 
4930	21 
4931	25 
4932	20 
4933	9 
4934	4 
4935	13 
4936	25 
4937	4 
4938	9 
4939	19 
4940	6 
4941	5 
4942	12 
4943	27 
4944	15 
4945	25 
4946	9 
4947	19 
4948	1 
4949	14 
4950	26 
4951	27 
4952	23 
4953	3 
4954	8 
4955	28 
4956	1 
4957	25 
4958	23 
4959	20 
4960	17 
4961	18 
4962	17 
4963	11 
4964	17 
4965	12 
4966	25 
4967	19 
4968	26 
4969	2 
4970	18 
4971	1 
4972	26 
4973	19 
4974	21 
4975	13 
4976	24 
4977	22 
4978	18 
4979	19 
4980	28 
4981	11 
4982	7 
4983	21 
4984	13 
4985	25 
4986	13 
4987	6 
4988	24 
4989	7 
4990	19 
4991	15 
4992	14 
4993	11 
4994	5 
4995	25 
4996	27 
4997	6 
4998	27 
4999	22 
5000	18 
5001	21 
5002	24 
5003	19 
5004	3 
5005	20 
5006	4 
5007	24 
5008	27 
5009	4 
5010	20 
5011	15 
5012	21 
5013	27 
5014	1 
5015	19 
5016	7 
5017	11 
5018	15 
5019	3 
5020	5 
5021	9 
5022	10 
5023	20 
5024	16 
5025	20 
5026	22 
5027	23 
5028	27 
5029	5 
5030	24 
5031	18 
5032	15 
5033	28 
5034	8 
5035	5 
5036	21 
5037	18 
5038	3 
5039	19 
5040	6 
5041	7 
5042	20 
5043	24 
5044	24 
5045	9 
5046	6 
5047	17 
5048	20 
5049	19 
5050	11 
5051	5 
5052	22 
5053	20 
5054	20 
5055	24 
5056	13 
5057	6 
5058	26 
5059	1 
5060	4 
5061	9 
5062	14 
5063	3 
5064	24 
5065	10 
5066	15 
5067	28 
5068	18 
5069	11 
5070	13 
5071	9 
5072	24 
5073	11 
5074	1 
5075	22 
5076	25 
5077	25 
5078	16 
5079	15 
5080	27 
5081	19 
5082	21 
5083	17 
5084	7 
5085	6 
5086	13 
5087	13 
5088	22 
5089	26 
5090	9 
5091	27 
5092	4 
5093	19 
5094	16 
5095	13 
5096	26 
5097	14 
5098	17 
5099	26 
5100	22 
5101	17 
5102	15 
5103	23 
5104	9 
5105	1 
5106	3 
5107	24 
5108	6 
5109	27 
5110	23 
5111	25 
5112	27 
5113	1 
5114	21 
5115	7 
5116	26 
5117	2 
5118	26 
5119	19 
5120	17 
5121	15 
5122	22 
5123	1 
5124	25 
5125	7 
5126	4 
5127	21 
5128	10 
5129	13 
5130	6 
5131	2 
5132	11 
5133	5 
5134	20 
5135	28 
5136	7 
5137	2 
5138	9 
5139	10 
5140	9 
5141	11 
5142	9 
5143	6 
5144	13 
5145	10 
5146	16 
5147	17 
5148	26 
5149	4 
5150	11 
5151	6 
5152	26 
5153	7 
5154	18 
5155	13 
5156	26 
5157	24 
5158	20 
5159	3 
5160	27 
5161	8 
5162	26 
5163	16 
5164	26 
5165	20 
5166	10 
5167	12 
5168	16 
5169	4 
5170	11 
5171	22 
5172	15 
5173	1 
5174	2 
5175	22 
5176	14 
5177	1 
5178	14 
5179	17 
5180	19 
5181	19 
5182	20 
5183	22 
5184	17 
5185	25 
5186	27 
5187	8 
5188	22 
5189	14 
5190	27 
5191	5 
5192	21 
5193	2 
5194	7 
5195	22 
5196	27 
5197	21 
5198	20 
5199	15 
5200	10 
5201	9 
5202	27 
5203	6 
5204	18 
5205	5 
5206	27 
5207	21 
5208	16 
5209	5 
5210	28 
5211	11 
5212	9 
5213	10 
5214	26 
5215	3 
5216	18 
5217	14 
5218	17 
5219	4 
5220	5 
5221	7 
5222	8 
5223	26 
5224	25 
5225	26 
5226	4 
5227	26 
5228	26 
5229	11 
5230	13 
5231	5 
5232	24 
5233	5 
5234	18 
5235	24 
5236	4 
5237	21 
5238	27 
5239	13 
5240	1 
5241	12 
5242	19 
5243	15 
5244	6 
5245	5 
5246	4 
5247	13 
5248	25 
5249	26 
5250	15 
5251	24 
5252	7 
5253	2 
5254	16 
5255	22 
5256	17 
5257	7 
5258	15 
5259	14 
5260	27 
5261	19 
5262	17 
5263	27 
5264	7 
5265	17 
5266	14 
5267	6 
5268	15 
5269	12 
5270	4 
5271	3 
5272	15 
5273	8 
5274	5 
5275	5 
5276	12 
5277	3 
5278	14 
5279	8 
5280	9 
5281	1 
5282	5 
5283	9 
5284	22 
5285	4 
5286	24 
5287	22 
5288	26 
5289	28 
5290	23 
5291	8 
5292	3 
5293	10 
5294	16 
5295	2 
5296	25 
5297	23 
5298	2 
5299	9 
5300	25 
5301	21 
5302	4 
5303	4 
5304	23 
5305	12 
5306	28 
5307	8 
5308	26 
5309	19 
5310	25 
5311	13 
5312	8 
5313	12 
5314	21 
5315	15 
5316	4 
5317	20 
5318	20 
5319	9 
5320	4 
5321	17 
5322	10 
5323	15 
5324	4 
5325	10 
5326	4 
5327	15 
5328	11 
5329	9 
5330	6 
5331	23 
5332	11 
5333	23 
5334	28 
5335	16 
5336	28 
5337	22 
5338	3 
5339	10 
5340	25 
5341	13 
5342	13 
5343	5 
5344	11 
5345	26 
5346	19 
5347	25 
5348	3 
5349	28 
5350	20 
5351	18 
5352	25 
5353	1 
5354	4 
5355	12 
5356	22 
5357	13 
5358	21 
5359	5 
5360	8 
5361	5 
5362	24 
5363	17 
5364	25 
5365	4 
5366	25 
5367	13 
5368	19 
5369	3 
5370	24 
5371	23 
5372	13 
5373	6 
5374	9 
5375	28 
5376	23 
5377	27 
5378	2 
5379	28 
5380	7 
5381	11 
5382	15 
5383	10 
5384	9 
5385	15 
5386	20 
5387	5 
5388	11 
5389	3 
5390	16 
5391	27 
5392	27 
5393	17 
5394	20 
5395	18 
5396	18 
5397	9 
5398	12 
5399	4 
5400	5 
5401	17 
5402	14 
5403	13 
5404	27 
5405	14 
5406	13 
5407	4 
5408	10 
5409	25 
5410	13 
5411	23 
5412	21 
5413	8 
5414	27 
5415	27 
5416	23 
5417	28 
5418	11 
5419	13 
5420	8 
5421	9 
5422	16 
5423	16 
5424	7 
5425	23 
5426	9 
5427	23 
5428	12 
5429	7 
5430	17 
5431	15 
5432	18 
5433	8 
5434	12 
5435	13 
5436	24 
5437	12 
5438	23 
5439	16 
5440	5 
5441	18 
5442	3 
5443	6 
5444	22 
5445	28 
5446	14 
5447	8 
5448	24 
5449	17 
5450	21 
5451	19 
5452	1 
5453	22 
5454	13 
5455	1 
5456	17 
5457	25 
5458	6 
5459	23 
5460	3 
5461	6 
5462	6 
5463	1 
5464	10 
5465	27 
5466	24 
5467	25 
5468	28 
5469	27 
5470	26 
5471	7 
5472	7 
5473	24 
5474	28 
5475	25 
5476	18 
5477	28 
5478	9 
5479	7 
5480	14 
5481	15 
5482	1 
5483	15 
5484	19 
5485	15 
5486	15 
5487	7 
5488	3 
5489	24 
5490	12 
5491	15 
5492	6 
5493	17 
5494	17 
5495	25 
5496	11 
5497	4 
5498	17 
5499	7 
5500	28 
5501	18 
5502	5 
5503	27 
5504	8 
5505	28 
5506	27 
5507	20 
5508	7 
5509	15 
5510	20 
5511	25 
5512	23 
5513	13 
5514	5 
5515	22 
5516	14 
5517	11 
5518	14 
5519	20 
5520	21 
5521	19 
5522	14 
5523	21 
5524	5 
5525	28 
5526	16 
5527	6 
5528	13 
5529	24 
5530	14 
5531	4 
5532	17 
5533	17 
5534	10 
5535	3 
5536	25 
5537	14 
5538	7 
5539	14 
5540	5 
5541	11 
5542	6 
5543	27 
5544	23 
5545	14 
5546	3 
5547	18 
5548	14 
5549	10 
5550	23 
5551	6 
5552	8 
5553	22 
5554	14 
5555	11 
5556	17 
5557	27 
5558	8 
5559	11 
5560	5 
5561	21 
5562	9 
5563	26 
5564	3 
5565	7 
5566	9 
5567	28 
5568	1 
5569	17 
5570	4 
5571	25 
5572	5 
5573	13 
5574	18 
5575	18 
5576	20 
5577	9 
5578	6 
5579	13 
5580	2 
5581	11 
5582	11 
5583	28 
5584	16 
5585	17 
5586	17 
5587	4 
5588	18 
5589	19 
5590	9 
5591	12 
5592	28 
5593	27 
5594	25 
5595	4 
5596	25 
5597	19 
5598	28 
5599	11 
5600	13 
5601	28 
5602	8 
5603	1 
5604	7 
5605	14 
5606	2 
5607	6 
5608	28 
5609	10 
5610	24 
5611	22 
5612	26 
5613	10 
5614	16 
5615	18 
5616	8 
5617	27 
5618	28 
5619	26 
5620	4 
5621	16 
5622	27 
5623	25 
5624	6 
5625	28 
5626	5 
5627	16 
5628	10 
5629	21 
5630	19 
5631	19 
5632	25 
5633	1 
5634	3 
5635	13 
5636	21 
5637	16 
5638	7 
5639	9 
5640	18 
5641	2 
5642	12 
5643	15 
5644	12 
5645	10 
5646	24 
5647	10 
5648	21 
5649	19 
5650	8 
5651	3 
5652	8 
5653	21 
5654	16 
5655	20 
5656	21 
5657	5 
5658	26 
5659	19 
5660	18 
5661	24 
5662	21 
5663	27 
5664	11 
5665	15 
5666	27 
5667	17 
5668	26 
5669	25 
5670	14 
5671	11 
5672	27 
5673	10 
5674	13 
5675	26 
5676	13 
5677	5 
5678	6 
5679	19 
5680	19 
5681	13 
5682	22 
5683	7 
5684	8 
5685	15 
5686	21 
5687	3 
5688	15 
5689	4 
5690	28 
5691	26 
5692	15 
5693	19 
5694	6 
5695	18 
5696	19 
5697	4 
5698	6 
5699	17 
5700	17 
5701	26 
5702	23 
5703	2 
5704	7 
5705	15 
5706	12 
5707	25 
5708	27 
5709	10 
5710	4 
5711	13 
5712	17 
5713	24 
5714	24 
5715	16 
5716	4 
5717	2 
5718	16 
5719	14 
5720	2 
5721	18 
5722	22 
5723	8 
5724	22 
5725	25 
5726	15 
5727	19 
5728	11 
5729	9 
5730	22 
5731	19 
5732	5 
5733	12 
5734	22 
5735	2 
5736	15 
5737	4 
5738	27 
5739	16 
5740	21 
5741	18 
5742	20 
5743	24 
5744	22 
5745	27 
5746	22 
5747	13 
5748	27 
5749	13 
5750	14 
5751	26 
5752	11 
5753	15 
5754	3 
5755	9 
5756	5 
5757	24 
5758	18 
5759	27 
5760	17 
5761	1 
5762	8 
5763	9 
5764	28 
5765	4 
5766	24 
5767	20 
5768	15 
5769	21 
5770	18 
5771	26 
5772	13 
5773	27 
5774	27 
5775	2 
5776	13 
5777	9 
5778	19 
5779	17 
5780	8 
5781	12 
5782	15 
5783	15 
5784	12 
5785	28 
5786	5 
5787	3 
5788	1 
5789	27 
5790	23 
5791	14 
5792	9 
5793	26 
5794	24 
5795	22 
5796	8 
5797	11 
5798	9 
5799	24 
5800	27 
5801	1 
5802	8 
5803	7 
5804	9 
5805	27 
5806	6 
5807	16 
5808	20 
5809	22 
5810	13 
5811	18 
5812	8 
5813	2 
5814	17 
5815	13 
5816	13 
5817	17 
5818	24 
5819	10 
5820	26 
5821	17 
5822	8 
5823	14 
5824	9 
5825	5 
5826	1 
5827	16 
5828	27 
5829	23 
5830	27 
5831	28 
5832	28 
5833	8 
5834	21 
5835	25 
5836	6 
5837	22 
5838	7 
5839	2 
5840	28 
5841	19 
5842	19 
5843	11 
5844	2 
5845	21 
5846	28 
5847	6 
5848	27 
5849	23 
5850	18 
5851	1 
5852	7 
5853	11 
5854	25 
5855	19 
5856	18 
5857	16 
5858	7 
5859	21 
5860	20 
5861	9 
5862	9 
5863	6 
5864	25 
5865	20 
5866	21 
5867	4 
5868	3 
5869	9 
5870	27 
5871	4 
5872	15 
5873	25 
5874	12 
5875	28 
5876	20 
5877	12 
5878	7 
5879	26 
5880	14 
5881	17 
5882	17 
5883	8 
5884	18 
5885	4 
5886	11 
5887	4 
5888	25 
5889	27 
5890	13 
5891	5 
5892	2 
5893	18 
5894	9 
5895	8 
5896	7 
5897	24 
5898	21 
5899	5 
5900	17 
5901	22 
5902	22 
5903	22 
5904	21 
5905	22 
5906	11 
5907	15 
5908	28 
5909	10 
5910	3 
5911	6 
5912	27 
5913	13 
5914	19 
5915	13 
5916	19 
5917	4 
5918	18 
5919	1 
5920	18 
5921	17 
5922	13 
5923	18 
5924	26 
5925	10 
5926	8 
5927	16 
5928	24 
5929	27 
5930	27 
5931	27 
5932	13 
5933	2 
5934	21 
5935	4 
5936	18 
5937	6 
5938	5 
5939	24 
5940	1 
5941	27 
5942	27 
5943	19 
5944	22 
5945	10 
5946	21 
5947	4 
5948	5 
5949	12 
5950	24 
5951	17 
5952	6 
5953	10 
5954	7 
5955	12 
5956	4 
5957	28 
5958	17 
5959	23 
5960	5 
5961	8 
5962	6 
5963	9 
5964	20 
5965	12 
5966	26 
5967	27 
5968	16 
5969	19 
5970	28 
5971	28 
5972	22 
5973	25 
5974	10 
5975	18 
5976	17 
5977	24 
5978	20 
5979	2 
5980	11 
5981	25 
5982	13 
5983	26 
5984	28 
5985	24 
5986	4 
5987	11 
5988	2 
5989	5 
5990	1 
5991	28 
5992	25 
5993	16 
5994	9 
5995	13 
5996	13 
5997	25 
5998	13 
5999	5 
6000	26 
6001	6 
6002	7 
6003	26 
6004	17 
6005	22 
6006	25 
6007	28 
6008	19 
6009	13 
6010	28 
6011	18 
6012	27 
6013	17 
6014	15 
6015	28 
6016	4 
6017	3 
6018	4 
6019	5 
6020	24 
6021	1 
6022	9 
6023	23 
6024	13 
6025	19 
6026	12 
6027	22 
6028	16 
6029	10 
6030	28 
6031	6 
6032	26 
6033	9 
6034	21 
6035	25 
6036	11 
6037	13 
6038	27 
6039	15 
6040	2 
6041	25 
6042	19 
6043	3 
6044	1 
6045	23 
6046	28 
6047	15 
6048	5 
6049	14 
6050	13 
6051	5 
6052	19 
6053	1 
6054	13 
6055	5 
6056	10 
6057	28 
6058	20 
6059	25 
6060	15 
6061	27 
6062	28 
6063	25 
6064	5 
6065	21 
6066	26 
6067	13 
6068	23 
6069	17 
6070	20 
6071	13 
6072	10 
6073	6 
6074	10 
6075	21 
6076	9 
6077	23 
6078	28 
6079	25 
6080	22 
6081	28 
6082	1 
6083	9 
6084	9 
6085	16 
6086	25 
6087	3 
6088	21 
6089	13 
6090	11 
6091	15 
6092	27 
6093	3 
6094	21 
6095	15 
6096	25 
6097	22 
6098	13 
6099	4 
6100	26 
6101	21 
6102	5 
6103	27 
6104	8 
6105	9 
6106	3 
6107	27 
6108	27 
6109	4 
6110	21 
6111	3 
6112	14 
6113	12 
6114	2 
6115	3 
6116	4 
6117	22 
6118	16 
6119	8 
6120	15 
6121	13 
6122	28 
6123	1 
6124	14 
6125	9 
6126	5 
6127	20 
6128	27 
6129	17 
6130	28 
6131	9 
6132	24 
6133	6 
6134	22 
6135	12 
6136	7 
6137	6 
6138	27 
6139	9 
6140	5 
6141	16 
6142	10 
6143	20 
6144	18 
6145	27 
6146	5 
6147	10 
6148	6 
6149	4 
6150	20 
6151	22 
6152	27 
6153	3 
6154	5 
6155	12 
6156	11 
6157	11 
6158	18 
6159	5 
6160	28 
6161	16 
6162	5 
6163	21 
6164	13 
6165	19 
6166	19 
6167	19 
6168	9 
6169	23 
6170	28 
6171	23 
6172	6 
6173	14 
6174	18 
6175	28 
6176	4 
6177	20 
6178	9 
6179	16 
6180	27 
6181	11 
6182	9 
6183	27 
6184	20 
6185	7 
6186	3 
6187	18 
6188	27 
6189	2 
6190	15 
6191	8 
6192	22 
6193	27 
6194	28 
6195	22 
6196	21 
6197	3 
6198	28 
6199	13 
6200	8 
6201	18 
6202	13 
6203	18 
6204	5 
6205	13 
6206	26 
6207	21 
6208	9 
6209	9 
6210	5 
6211	21 
6212	18 
6213	12 
6214	5 
6215	26 
6216	6 
6217	5 
6218	10 
6219	21 
6220	5 
6221	3 
6222	6 
6223	9 
6224	5 
6225	24 
6226	23 
6227	19 
6228	18 
6229	23 
6230	9 
6231	15 
6232	25 
6233	20 
6234	10 
6235	4 
6236	27 
6237	11 
6238	11 
6239	13 
6240	10 
6241	25 
6242	13 
6243	17 
6244	12 
6245	13 
6246	26 
6247	28 
6248	28 
6249	12 
6250	7 
6251	27 
6252	14 
6253	3 
6254	19 
6255	24 
6256	21 
6257	3 
6258	20 
6259	13 
6260	16 
6261	26 
6262	6 
6263	6 
6264	24 
6265	12 
6266	17 
6267	27 
6268	25 
6269	24 
6270	7 
6271	28 
6272	25 
6273	4 
6274	9 
6275	18 
6276	25 
6277	4 
6278	14 
6279	28 
6280	27 
6281	22 
6282	27 
6283	28 
6284	5 
6285	6 
6286	22 
6287	7 
6288	28 
6289	23 
6290	26 
6291	4 
6292	2 
6293	15 
6294	6 
6295	19 
6296	1 
6297	4 
6298	22 
6299	23 
6300	1 
6301	4 
6302	15 
6303	15 
6304	24 
6305	25 
6306	4 
6307	27 
6308	21 
6309	25 
6310	3 
6311	28 
6312	25 
6313	14 
6314	2 
6315	21 
6316	10 
6317	16 
6318	17 
6319	3 
6320	12 
6321	6 
6322	12 
6323	15 
6324	19 
6325	7 
6326	21 
6327	26 
6328	20 
6329	5 
6330	28 
6331	2 
6332	7 
6333	14 
6334	25 
6335	22 
6336	9 
6337	13 
6338	26 
6339	9 
6340	26 
6341	4 
6342	13 
6343	11 
6344	26 
6345	6 
6346	13 
6347	4 
6348	7 
6349	28 
6350	17 
6351	21 
6352	22 
6353	21 
6354	1 
6355	12 
6356	28 
6357	13 
6358	15 
6359	13 
6360	13 
6361	14 
6362	8 
6363	19 
6364	25 
6365	15 
6366	12 
6367	17 
6368	5 
6369	19 
6370	9 
6371	26 
6372	15 
6373	3 
6374	23 
6375	18 
6376	21 
6377	9 
6378	16 
6379	24 
6380	17 
6381	13 
6382	6 
6383	7 
6384	15 
6385	13 
6386	17 
6387	25 
6388	27 
6389	25 
6390	13 
6391	17 
6392	4 
6393	27 
6394	9 
6395	15 
6396	5 
6397	24 
6398	14 
6399	26 
6400	6 
6401	4 
6402	5 
6403	9 
6404	28 
6405	15 
6406	28 
6407	9 
6408	21 
6409	16 
6410	19 
6411	9 
6412	16 
6413	16 
6414	24 
6415	26 
6416	14 
6417	12 
6418	7 
6419	24 
6420	6 
6421	17 
6422	17 
6423	10 
6424	6 
6425	24 
6426	21 
6427	20 
6428	10 
6429	25 
6430	8 
6431	1 
6432	28 
6433	18 
6434	4 
6435	26 
6436	17 
6437	22 
6438	25 
6439	11 
6440	7 
6441	9 
6442	23 
6443	24 
6444	22 
6445	15 
6446	3 
6447	3 
6448	9 
6449	23 
6450	23 
6451	4 
6452	9 
6453	4 
6454	27 
6455	6 
6456	15 
6457	7 
6458	17 
6459	27 
6460	17 
6461	20 
6462	3 
6463	12 
6464	24 
6465	19 
6466	27 
6467	7 
6468	12 
6469	27 
6470	19 
6471	24 
6472	21 
6473	3 
6474	11 
6475	12 
6476	24 
6477	24 
6478	26 
6479	24 
6480	13 
6481	10 
6482	24 
6483	13 
6484	4 
6485	25 
6486	8 
6487	3 
6488	15 
6489	14 
6490	28 
6491	16 
6492	16 
6493	1 
6494	20 
6495	24 
6496	28 
6497	14 
6498	4 
6499	18 
6500	1 
6501	1 
6502	23 
6503	6 
6504	11 
6505	24 
6506	24 
6507	20 
6508	16 
6509	3 
6510	19 
6511	13 
6512	2 
6513	21 
6514	10 
6515	27 
6516	5 
6517	24 
6518	2 
6519	18 
6520	20 
6521	24 
6522	1 
6523	5 
6524	13 
6525	9 
6526	7 
6527	12 
6528	11 
6529	25 
6530	16 
6531	4 
6532	25 
6533	28 
6534	9 
6535	4 
6536	3 
6537	25 
6538	22 
6539	21 
6540	28 
6541	10 
6542	9 
6543	14 
6544	17 
6545	27 
6546	3 
6547	27 
6548	19 
6549	13 
6550	17 
6551	13 
6552	6 
6553	1 
6554	27 
6555	23 
6556	16 
6557	25 
6558	26 
6559	4 
6560	27 
6561	24 
6562	21 
6563	25 
6564	24 
6565	8 
6566	10 
6567	26 
6568	10 
6569	2 
6570	6 
6571	17 
6572	2 
6573	4 
6574	8 
6575	6 
6576	3 
6577	22 
6578	27 
6579	14 
6580	13 
6581	11 
6582	24 
6583	5 
6584	2 
6585	26 
6586	14 
6587	18 
6588	23 
6589	28 
6590	3 
6591	8 
6592	4 
6593	26 
6594	13 
6595	8 
6596	13 
6597	14 
6598	17 
6599	28 
6600	8 
6601	28 
6602	26 
6603	12 
6604	8 
6605	17 
6606	7 
6607	6 
6608	10 
6609	6 
6610	21 
6611	16 
6612	17 
6613	12 
6614	28 
6615	20 
6616	22 
6617	26 
6618	28 
6619	27 
6620	4 
6621	14 
6622	2 
6623	23 
6624	7 
6625	22 
6626	10 
6627	5 
6628	14 
6629	13 
6630	7 
6631	17 
6632	21 
6633	10 
6634	28 
6635	1 
6636	18 
6637	15 
6638	14 
6639	22 
6640	24 
6641	11 
6642	25 
6643	23 
6644	12 
6645	15 
6646	24 
6647	27 
6648	10 
6649	24 
6650	10 
6651	25 
6652	1 
6653	24 
6654	14 
6655	16 
6656	16 
6657	21 
6658	9 
6659	27 
6660	5 
6661	13 
6662	26 
6663	12 
6664	17 
6665	18 
6666	28 
6667	2 
6668	16 
6669	14 
6670	9 
6671	16 
6672	28 
6673	18 
6674	11 
6675	15 
6676	13 
6677	26 
6678	17 
6679	14 
6680	21 
6681	9 
6682	7 
6683	26 
6684	20 
6685	5 
6686	10 
6687	7 
6688	7 
6689	5 
6690	19 
6691	25 
6692	21 
6693	4 
6694	12 
6695	18 
6696	9 
6697	13 
6698	27 
6699	18 
6700	4 
6701	15 
6702	19 
6703	10 
6704	15 
6705	21 
6706	2 
6707	17 
6708	21 
6709	5 
6710	28 
6711	15 
6712	12 
6713	7 
6714	28 
6715	9 
6716	19 
6717	4 
6718	28 
6719	25 
6720	27 
6721	8 
6722	18 
6723	14 
6724	28 
6725	26 
6726	20 
6727	25 
6728	22 
6729	26 
6730	22 
6731	26 
6732	20 
6733	9 
6734	28 
6735	1 
6736	7 
6737	1 
6738	17 
6739	5 
6740	9 
6741	24 
6742	7 
6743	4 
6744	4 
6745	23 
6746	10 
6747	9 
6748	24 
6749	17 
6750	26 
6751	9 
6752	11 
6753	7 
6754	28 
6755	14 
6756	7 
6757	16 
6758	13 
6759	14 
6760	3 
6761	4 
6762	25 
6763	17 
6764	5 
6765	23 
6766	4 
6767	3 
6768	20 
6769	27 
6770	17 
6771	22 
6772	10 
6773	25 
6774	26 
6775	5 
6776	4 
6777	4 
6778	10 
6779	4 
6780	5 
6781	6 
6782	7 
6783	17 
6784	13 
6785	13 
6786	17 
6787	27 
6788	9 
6789	21 
6790	14 
6791	13 
6792	13 
6793	20 
6794	7 
6795	25 
6796	27 
6797	9 
6798	24 
6799	17 
6800	21 
6801	7 
6802	9 
6803	28 
6804	1 
6805	11 
6806	5 
6807	18 
6808	15 
6809	27 
6810	10 
6811	7 
6812	21 
6813	18 
6814	5 
6815	21 
6816	25 
6817	25 
6818	14 
6819	27 
6820	22 
6821	5 
6822	21 
6823	21 
6824	13 
6825	11 
6826	17 
6827	9 
6828	5 
6829	12 
6830	15 
6831	27 
6832	20 
6833	17 
6834	6 
6835	22 
6836	9 
6837	27 
6838	12 
6839	13 
6840	24 
6841	20 
6842	5 
6843	23 
6844	27 
6845	27 
6846	2 
6847	24 
6848	25 
6849	22 
6850	25 
6851	18 
6852	7 
6853	20 
6854	11 
6855	12 
6856	27 
6857	24 
6858	28 
6859	8 
6860	13 
6861	24 
6862	7 
6863	27 
6864	6 
6865	6 
6866	1 
6867	14 
6868	7 
6869	15 
6870	7 
6871	17 
6872	7 
6873	21 
6874	7 
6875	19 
6876	8 
6877	4 
6878	25 
6879	24 
6880	10 
6881	22 
6882	12 
6883	5 
6884	19 
6885	1 
6886	27 
6887	7 
6888	16 
6889	8 
6890	7 
6891	4 
6892	10 
6893	16 
6894	13 
6895	21 
6896	4 
6897	11 
6898	22 
6899	23 
6900	13 
6901	27 
6902	22 
6903	28 
6904	11 
6905	28 
6906	4 
6907	28 
6908	3 
6909	28 
6910	13 
6911	6 
6912	12 
6913	6 
6914	2 
6915	14 
6916	17 
6917	18 
6918	3 
6919	7 
6920	27 
6921	10 
6922	14 
6923	7 
6924	16 
6925	22 
6926	16 
6927	9 
6928	9 
6929	25 
6930	19 
6931	10 
6932	25 
6933	16 
6934	27 
6935	8 
6936	8 
6937	27 
6938	5 
6939	20 
6940	19 
6941	20 
6942	19 
6943	16 
6944	1 
6945	25 
6946	21 
6947	4 
6948	28 
6949	28 
6950	8 
6951	28 
6952	20 
6953	7 
6954	22 
6955	2 
6956	7 
6957	6 
6958	23 
6959	14 
6960	20 
6961	16 
6962	19 
6963	16 
6964	27 
6965	13 
6966	16 
6967	19 
6968	25 
6969	19 
6970	9 
6971	3 
6972	7 
6973	16 
6974	17 
6975	20 
6976	6 
6977	22 
6978	25 
6979	20 
6980	22 
6981	18 
6982	17 
6983	9 
6984	7 
6985	26 
6986	17 
6987	25 
6988	13 
6989	15 
6990	19 
6991	20 
6992	1 
6993	8 
6994	24 
6995	22 
6996	3 
6997	18 
6998	17 
6999	27 
7000	28 
7001	4 
7002	1 
7003	10 
7004	16 
7005	27 
7006	27 
7007	5 
7008	5 
7009	9 
7010	14 
7011	18 
7012	9 
7013	24 
7014	9 
7015	20 
7016	22 
7017	18 
7018	18 
7019	26 
7020	21 
7021	3 
7022	25 
7023	24 
7024	17 
7025	20 
7026	9 
7027	22 
7028	7 
7029	7 
7030	27 
7031	22 
7032	2 
7033	22 
7034	14 
7035	24 
7036	14 
7037	8 
7038	24 
7039	7 
7040	23 
7041	9 
7042	17 
7043	24 
7044	23 
7045	6 
7046	4 
7047	1 
7048	16 
7049	27 
7050	12 
7051	23 
7052	18 
7053	16 
7054	16 
7055	21 
7056	19 
7057	12 
7058	9 
7059	9 
7060	11 
7061	3 
7062	6 
7063	2 
7064	5 
7065	21 
7066	17 
7067	18 
7068	23 
7069	7 
7070	27 
7071	28 
7072	25 
7073	9 
7074	15 
7075	14 
7076	16 
7077	14 
7078	5 
7079	16 
7080	24 
7081	7 
7082	8 
7083	20 
7084	6 
7085	22 
7086	27 
7087	9 
7088	4 
7089	6 
7090	2 
7091	10 
7092	26 
7093	24 
7094	4 
7095	27 
7096	17 
7097	25 
7098	10 
7099	28 
7100	12 
7101	28 
7102	14 
7103	13 
7104	15 
7105	20 
7106	27 
7107	9 
7108	16 
7109	11 
7110	24 
7111	26 
7112	1 
7113	14 
7114	12 
7115	7 
7116	5 
7117	4 
7118	16 
7119	26 
7120	7 
7121	25 
7122	28 
7123	13 
7124	17 
7125	23 
7126	25 
7127	9 
7128	1 
7129	22 
7130	5 
7131	7 
7132	6 
7133	7 
7134	26 
7135	3 
7136	10 
7137	5 
7138	9 
7139	17 
7140	19 
7141	21 
7142	19 
7143	22 
7144	13 
7145	6 
7146	13 
7147	9 
7148	11 
7149	4 
7150	26 
7151	22 
7152	3 
7153	6 
7154	6 
7155	24 
7156	21 
7157	9 
7158	14 
7159	25 
7160	21 
7161	8 
7162	17 
7163	2 
7164	14 
7165	12 
7166	18 
7167	11 
7168	25 
7169	6 
7170	22 
7171	5 
7172	28 
7173	5 
7174	27 
7175	3 
7176	27 
7177	10 
7178	7 
7179	11 
7180	26 
7181	25 
7182	23 
7183	28 
7184	10 
7185	14 
7186	27 
7187	22 
7188	3 
7189	2 
7190	2 
7191	9 
7192	14 
7193	25 
7194	28 
7195	22 
7196	14 
7197	22 
7198	11 
7199	14 
7200	15 
7201	27 
7202	16 
7203	15 
7204	27 
7205	5 
7206	21 
7207	15 
7208	1 
7209	6 
7210	4 
7211	10 
7212	24 
7213	16 
7214	23 
7215	6 
7216	12 
7217	5 
7218	12 
7219	4 
7220	10 
7221	24 
7222	15 
7223	25 
7224	16 
7225	28 
7226	28 
7227	1 
7228	26 
7229	13 
7230	27 
7231	9 
7232	24 
7233	2 
7234	19 
7235	13 
7236	7 
7237	9 
7238	7 
7239	9 
7240	16 
7241	27 
7242	25 
7243	14 
7244	25 
7245	9 
7246	26 
7247	27 
7248	10 
7249	24 
7250	24 
7251	17 
7252	17 
7253	9 
7254	21 
7255	13 
7256	24 
7257	7 
7258	27 
7259	11 
7260	20 
7261	5 
7262	12 
7263	23 
7264	26 
7265	5 
7266	6 
7267	16 
7268	25 
7269	17 
7270	18 
7271	16 
7272	13 
7273	10 
7274	24 
7275	27 
7276	11 
7277	22 
7278	2 
7279	27 
7280	4 
7281	9 
7282	26 
7283	13 
7284	25 
7285	4 
7286	19 
7287	19 
7288	11 
7289	2 
7290	6 
7291	4 
7292	4 
7293	12 
7294	28 
7295	4 
7296	24 
7297	13 
7298	13 
7299	2 
7300	27 
7301	16 
7302	24 
7303	9 
7304	17 
7305	3 
7306	4 
7307	1 
7308	14 
7309	24 
7310	24 
7311	28 
7312	22 
7313	1 
7314	15 
7315	9 
7316	7 
7317	4 
7318	6 
7319	8 
7320	27 
7321	17 
7322	6 
7323	28 
7324	13 
7325	10 
7326	3 
7327	27 
7328	11 
7329	24 
7330	9 
7331	24 
7332	14 
7333	8 
7334	6 
7335	21 
7336	2 
7337	13 
7338	17 
7339	10 
7340	25 
7341	22 
7342	1 
7343	9 
7344	27 
7345	27 
7346	17 
7347	14 
7348	3 
7349	9 
7350	2 
7351	23 
7352	17 
7353	11 
7354	6 
7355	21 
7356	26 
7357	8 
7358	12 
7359	3 
7360	21 
7361	28 
7362	7 
7363	14 
7364	24 
7365	13 
7366	6 
7367	24 
7368	24 
7369	20 
7370	14 
7371	12 
7372	6 
7373	17 
7374	25 
7375	4 
7376	7 
7377	18 
7378	14 
7379	19 
7380	28 
7381	25 
7382	26 
7383	23 
7384	13 
7385	21 
7386	26 
7387	5 
7388	22 
7389	1 
7390	27 
7391	3 
7392	14 
7393	16 
7394	14 
7395	2 
7396	22 
7397	18 
7398	13 
7399	14 
7400	14 
7401	22 
7402	10 
7403	2 
7404	18 
7405	4 
7406	18 
7407	5 
7408	13 
7409	21 
7410	13 
7411	10 
7412	23 
7413	22 
7414	1 
7415	3 
7416	10 
7417	21 
7418	11 
7419	22 
7420	23 
7421	7 
7422	6 
7423	12 
7424	6 
7425	28 
7426	21 
7427	27 
7428	21 
7429	23 
7430	12 
7431	10 
7432	27 
7433	21 
7434	17 
7435	28 
7436	25 
7437	16 
7438	17 
7439	5 
7440	7 
7441	8 
7442	11 
7443	27 
7444	13 
7445	24 
7446	24 
7447	26 
7448	5 
7449	1 
7450	9 
7451	2 
7452	10 
7453	11 
7454	27 
7455	21 
7456	11 
7457	15 
7458	26 
7459	25 
7460	4 
7461	25 
7462	18 
7463	15 
7464	4 
7465	27 
7466	22 
7467	9 
7468	27 
7469	21 
7470	24 
7471	7 
7472	4 
7473	5 
7474	12 
7475	6 
7476	27 
7477	27 
7478	14 
7479	26 
7480	8 
7481	9 
7482	24 
7483	23 
7484	17 
7485	13 
7486	27 
7487	19 
7488	4 
7489	28 
7490	12 
7491	5 
7492	1 
7493	19 
7494	21 
7495	18 
7496	15 
7497	27 
7498	4 
7499	6 
7500	21 
7501	1 
7502	13 
7503	16 
7504	22 
7505	23 
7506	15 
7507	4 
7508	18 
7509	6 
7510	26 
7511	11 
7512	15 
7513	3 
7514	21 
7515	3 
7516	15 
7517	7 
7518	7 
7519	5 
7520	3 
7521	11 
7522	14 
7523	28 
7524	13 
7525	14 
7526	23 
7527	19 
7528	7 
7529	6 
7530	21 
7531	14 
7532	10 
7533	25 
7534	13 
7535	25 
7536	7 
7537	6 
7538	9 
7539	6 
7540	22 
7541	12 
7542	19 
7543	3 
7544	15 
7545	22 
7546	10 
7547	25 
7548	6 
7549	22 
7550	13 
7551	5 
7552	4 
7553	18 
7554	3 
7555	12 
7556	20 
7557	11 
7558	16 
7559	20 
7560	15 
7561	11 
7562	11 
7563	21 
7564	17 
7565	17 
7566	9 
7567	22 
7568	10 
7569	8 
7570	24 
7571	14 
7572	9 
7573	11 
7574	5 
7575	14 
7576	20 
7577	4 
7578	17 
7579	4 
7580	7 
7581	4 
7582	17 
7583	4 
7584	17 
7585	19 
7586	26 
7587	24 
7588	14 
7589	25 
7590	10 
7591	11 
7592	9 
7593	27 
7594	9 
7595	15 
7596	8 
7597	9 
7598	25 
7599	18 
7600	7 
7601	13 
7602	23 
7603	23 
7604	11 
7605	17 
7606	4 
7607	26 
7608	17 
7609	7 
7610	18 
7611	7 
7612	9 
7613	28 
7614	8 
7615	15 
7616	25 
7617	5 
7618	6 
7619	28 
7620	23 
7621	26 
7622	6 
7623	17 
7624	14 
7625	17 
7626	10 
7627	15 
7628	2 
7629	28 
7630	23 
7631	11 
7632	24 
7633	13 
7634	27 
7635	13 
7636	11 
7637	9 
7638	15 
7639	6 
7640	1 
7641	20 
7642	4 
7643	1 
7644	13 
7645	4 
7646	6 
7647	24 
7648	25 
7649	27 
7650	14 
7651	4 
7652	16 
7653	9 
7654	7 
7655	22 
7656	16 
7657	20 
7658	4 
7659	3 
7660	12 
7661	3 
7662	25 
7663	6 
7664	14 
7665	11 
7666	28 
7667	26 
7668	11 
7669	3 
7670	5 
7671	6 
7672	25 
7673	2 
7674	5 
7675	27 
7676	19 
7677	7 
7678	7 
7679	26 
7680	4 
7681	6 
7682	28 
7683	2 
7684	28 
7685	21 
7686	4 
7687	23 
7688	22 
7689	1 
7690	16 
7691	7 
7692	20 
7693	18 
7694	19 
7695	5 
7696	2 
7697	27 
7698	18 
7699	25 
7700	13 
7701	24 
7702	11 
7703	3 
7704	2 
7705	16 
7706	6 
7707	6 
7708	8 
7709	26 
7710	3 
7711	21 
7712	6 
7713	22 
7714	1 
7715	22 
7716	12 
7717	1 
7718	15 
7719	3 
7720	24 
7721	18 
7722	25 
7723	3 
7724	6 
7725	5 
7726	1 
7727	21 
7728	23 
7729	15 
7730	6 
7731	28 
7732	9 
7733	24 
7734	26 
7735	24 
7736	22 
7737	16 
7738	15 
7739	3 
7740	25 
7741	18 
7742	13 
7743	12 
7744	4 
7745	13 
7746	4 
7747	25 
7748	10 
7749	5 
7750	17 
7751	15 
7752	12 
7753	19 
7754	17 
7755	23 
7756	3 
7757	22 
7758	14 
7759	1 
7760	1 
7761	10 
7762	19 
7763	28 
7764	14 
7765	6 
7766	27 
7767	25 
7768	11 
7769	15 
7770	22 
7771	5 
7772	10 
7773	23 
7774	15 
7775	12 
7776	13 
7777	7 
7778	5 
7779	17 
7780	1 
7781	4 
7782	24 
7783	21 
7784	7 
7785	13 
7786	5 
7787	25 
7788	28 
7789	3 
7790	9 
7791	28 
7792	4 
7793	5 
7794	4 
7795	9 
7796	4 
7797	24 
7798	1 
7799	24 
7800	18 
7801	9 
7802	27 
7803	28 
7804	16 
7805	3 
7806	4 
7807	21 
7808	14 
7809	17 
7810	20 
7811	19 
7812	26 
7813	12 
7814	14 
7815	28 
7816	24 
7817	24 
7818	9 
7819	27 
7820	12 
7821	20 
7822	10 
7823	1 
7824	21 
7825	25 
7826	27 
7827	1 
7828	1 
7829	21 
7830	3 
7831	10 
7832	16 
7833	20 
7834	6 
7835	21 
7836	14 
7837	3 
7838	7 
7839	4 
7840	7 
7841	1 
7842	14 
7843	24 
7844	5 
7845	16 
7846	17 
7847	25 
7848	4 
7849	16 
7850	9 
7851	27 
7852	24 
7853	5 
7854	21 
7855	3 
7856	20 
7857	20 
7858	18 
7859	21 
7860	25 
7861	12 
7862	3 
7863	1 
7864	9 
7865	1 
7866	28 
7867	18 
7868	24 
7869	22 
7870	16 
7871	22 
7872	15 
7873	18 
7874	17 
7875	16 
7876	9 
7877	27 
7878	10 
7879	26 
7880	10 
7881	28 
7882	20 
7883	7 
7884	21 
7885	11 
7886	8 
7887	20 
7888	1 
7889	3 
7890	16 
7891	14 
7892	26 
7893	13 
7894	4 
7895	24 
7896	25 
7897	19 
7898	24 
7899	8 
7900	28 
7901	23 
7902	13 
7903	20 
7904	28 
7905	11 
7906	28 
7907	28 
7908	24 
7909	3 
7910	27 
7911	12 
7912	27 
7913	9 
7914	22 
7915	10 
7916	22 
7917	14 
7918	26 
7919	3 
7920	25 
7921	25 
7922	15 
7923	22 
7924	5 
7925	13 
7926	26 
7927	18 
7928	1 
7929	26 
7930	13 
7931	7 
7932	18 
7933	17 
7934	21 
7935	2 
7936	12 
7937	12 
7938	16 
7939	21 
7940	22 
7941	26 
7942	7 
7943	24 
7944	28 
7945	9 
7946	11 
7947	24 
7948	1 
7949	7 
7950	6 
7951	9 
7952	9 
7953	25 
7954	13 
7955	22 
7956	10 
7957	4 
7958	10 
7959	27 
7960	13 
7961	26 
7962	20 
7963	5 
7964	3 
7965	5 
7966	22 
7967	1 
7968	5 
7969	4 
7970	6 
7971	4 
7972	10 
7973	10 
7974	27 
7975	2 
7976	21 
7977	6 
7978	22 
7979	11 
7980	21 
7981	24 
7982	27 
7983	9 
7984	22 
7985	22 
7986	5 
7987	22 
7988	21 
7989	4 
7990	26 
7991	10 
7992	19 
7993	25 
7994	4 
7995	19 
7996	5 
7997	24 
7998	12 
7999	20 
8000	10 
8001	15 
8002	9 
8003	24 
8004	27 
8005	15 
8006	1 
8007	10 
8008	24 
8009	5 
8010	27 
8011	25 
8012	7 
8013	23 
8014	24 
8015	12 
8016	19 
8017	18 
8018	1 
8019	10 
8020	24 
8021	12 
8022	24 
8023	25 
8024	23 
8025	9 
8026	4 
8027	16 
8028	9 
8029	27 
8030	12 
8031	15 
8032	1 
8033	28 
8034	27 
8035	12 
8036	3 
8037	27 
8038	2 
8039	25 
8040	14 
8041	15 
8042	6 
8043	2 
8044	24 
8045	27 
8046	13 
8047	14 
8048	10 
8049	9 
8050	2 
8051	4 
8052	25 
8053	10 
8054	14 
8055	23 
8056	5 
8057	4 
8058	4 
8059	20 
8060	18 
8061	13 
8062	11 
8063	7 
8064	11 
8065	27 
8066	17 
8067	5 
8068	7 
8069	16 
8070	13 
8071	6 
8072	4 
8073	21 
8074	21 
8075	9 
8076	11 
8077	28 
8078	28 
8079	1 
8080	14 
8081	3 
8082	15 
8083	11 
8084	23 
8085	10 
8086	9 
8087	1 
8088	18 
8089	10 
8090	26 
8091	17 
8092	9 
8093	12 
8094	24 
8095	4 
8096	5 
8097	13 
8098	11 
8099	26 
8100	28 
8101	21 
8102	8 
8103	27 
8104	3 
8105	4 
8106	8 
8107	26 
8108	27 
8109	17 
8110	1 
8111	27 
8112	17 
8113	22 
8114	18 
8115	26 
8116	13 
8117	8 
8118	26 
8119	15 
8120	12 
8121	23 
8122	26 
8123	16 
8124	27 
8125	10 
8126	18 
8127	13 
8128	27 
8129	25 
8130	16 
8131	18 
8132	27 
8133	25 
8134	20 
8135	3 
8136	11 
8137	4 
8138	11 
8139	9 
8140	4 
8141	17 
8142	9 
8143	17 
8144	1 
8145	21 
8146	5 
8147	22 
8148	25 
8149	5 
8150	5 
8151	8 
8152	18 
8153	17 
8154	1 
8155	12 
8156	18 
8157	22 
8158	10 
8159	24 
8160	17 
8161	14 
8162	10 
8163	12 
8164	21 
8165	27 
8166	11 
8167	25 
8168	12 
8169	27 
8170	15 
8171	13 
8172	16 
8173	20 
8174	26 
8175	25 
8176	25 
8177	9 
8178	16 
8179	12 
8180	3 
8181	1 
8182	9 
8183	5 
8184	2 
8185	23 
8186	12 
8187	3 
8188	10 
8189	28 
8190	26 
8191	13 
8192	28 
8193	25 
8194	12 
8195	25 
8196	1 
8197	1 
8198	27 
8199	18 
8200	11 
8201	4 
8202	8 
8203	23 
8204	21 
8205	23 
8206	25 
8207	28 
8208	27 
8209	28 
8210	17 
8211	17 
8212	27 
8213	28 
8214	9 
8215	28 
8216	26 
8217	28 
8218	17 
8219	27 
8220	13 
8221	20 
8222	6 
8223	27 
8224	1 
8225	15 
8226	24 
8227	22 
8228	27 
8229	12 
8230	21 
8231	13 
8232	8 
8233	2 
8234	14 
8235	1 
8236	6 
8237	27 
8238	6 
8239	25 
8240	8 
8241	3 
8242	3 
8243	13 
8244	21 
8245	16 
8246	9 
8247	5 
8248	21 
8249	24 
8250	23 
8251	24 
8252	2 
8253	13 
8254	27 
8255	28 
8256	27 
8257	17 
8258	9 
8259	26 
8260	14 
8261	6 
8262	25 
8263	15 
8264	25 
8265	6 
8266	3 
8267	4 
8268	11 
8269	4 
8270	6 
8271	8 
8272	11 
8273	20 
8274	4 
8275	21 
8276	28 
8277	13 
8278	13 
8279	24 
8280	17 
8281	27 
8282	20 
8283	25 
8284	3 
8285	11 
8286	18 
8287	5 
8288	10 
8289	21 
8290	13 
8291	6 
8292	8 
8293	4 
8294	21 
8295	8 
8296	13 
8297	26 
8298	13 
8299	22 
8300	3 
8301	1 
8302	23 
8303	17 
8304	7 
8305	2 
8306	25 
8307	17 
8308	20 
8309	2 
8310	25 
8311	25 
8312	3 
8313	20 
8314	16 
8315	2 
8316	3 
8317	28 
8318	4 
8319	7 
8320	24 
8321	24 
8322	18 
8323	28 
8324	8 
8325	26 
8326	13 
8327	5 
8328	8 
8329	5 
8330	13 
8331	8 
8332	27 
8333	6 
8334	1 
8335	9 
8336	12 
8337	3 
8338	5 
8339	5 
8340	23 
8341	15 
8342	24 
8343	1 
8344	21 
8345	13 
8346	24 
8347	7 
8348	13 
8349	18 
8350	15 
8351	10 
8352	26 
8353	10 
8354	5 
8355	3 
8356	19 
8357	16 
8358	28 
8359	26 
8360	2 
8361	11 
8362	5 
8363	1 
8364	1 
8365	8 
8366	22 
8367	6 
8368	4 
8369	3 
8370	21 
8371	17 
8372	12 
8373	8 
8374	17 
8375	17 
8376	11 
8377	17 
8378	13 
8379	6 
8380	27 
8381	9 
8382	25 
8383	15 
8384	13 
8385	13 
8386	4 
8387	19 
8388	28 
8389	3 
8390	26 
8391	20 
8392	6 
8393	24 
8394	15 
8395	9 
8396	3 
8397	28 
8398	19 
8399	15 
8400	24 
8401	12 
8402	14 
8403	27 
8404	16 
8405	25 
8406	14 
8407	24 
8408	11 
8409	7 
8410	11 
8411	10 
8412	21 
8413	24 
8414	16 
8415	27 
8416	19 
8417	6 
8418	15 
8419	9 
8420	20 
8421	13 
8422	13 
8423	27 
8424	15 
8425	21 
8426	7 
8427	27 
8428	22 
8429	11 
8430	4 
8431	10 
8432	8 
8433	9 
8434	14 
8435	25 
8436	5 
8437	24 
8438	11 
8439	10 
8440	6 
8441	20 
8442	6 
8443	22 
8444	14 
8445	6 
8446	3 
8447	17 
8448	11 
8449	3 
8450	8 
8451	15 
8452	22 
8453	15 
8454	5 
8455	7 
8456	8 
8457	9 
8458	2 
8459	17 
8460	6 
8461	21 
8462	13 
8463	16 
8464	24 
8465	6 
8466	17 
8467	10 
8468	11 
8469	25 
8470	25 
8471	7 
8472	3 
8473	24 
8474	11 
8475	25 
8476	20 
8477	14 
8478	17 
8479	4 
8480	27 
8481	13 
8482	2 
8483	9 
8484	17 
8485	26 
8486	5 
8487	10 
8488	28 
8489	28 
8490	25 
8491	4 
8492	17 
8493	23 
8494	6 
8495	9 
8496	18 
8497	9 
8498	26 
8499	10 
8500	16 
8501	23 
8502	5 
8503	13 
8504	25 
8505	15 
8506	20 
8507	23 
8508	27 
8509	28 
8510	1 
8511	1 
8512	9 
8513	20 
8514	27 
8515	23 
8516	1 
8517	25 
8518	28 
8519	3 
8520	6 
8521	22 
8522	19 
8523	10 
8524	21 
8525	18 
8526	21 
8527	13 
8528	13 
8529	2 
8530	3 
8531	4 
8532	17 
8533	1 
8534	16 
8535	11 
8536	24 
8537	13 
8538	15 
8539	14 
8540	27 
8541	4 
8542	25 
8543	9 
8544	24 
8545	11 
8546	19 
8547	12 
8548	14 
8549	28 
8550	4 
8551	13 
8552	19 
8553	24 
8554	27 
8555	2 
8556	2 
8557	19 
8558	24 
8559	28 
8560	2 
8561	6 
8562	10 
8563	21 
8564	25 
8565	22 
8566	10 
8567	28 
8568	21 
8569	15 
8570	10 
8571	9 
8572	6 
8573	14 
8574	6 
8575	27 
8576	13 
8577	24 
8578	17 
8579	1 
8580	4 
8581	11 
8582	8 
8583	13 
8584	16 
8585	12 
8586	21 
8587	1 
8588	1 
8589	17 
8590	10 
8591	7 
8592	27 
8593	3 
8594	1 
8595	5 
8596	20 
8597	13 
8598	24 
8599	28 
8600	10 
8601	27 
8602	27 
8603	25 
8604	26 
8605	28 
8606	21 
8607	10 
8608	18 
8609	5 
8610	1 
8611	8 
8612	9 
8613	8 
8614	5 
8615	12 
8616	27 
8617	1 
8618	4 
8619	25 
8620	13 
8621	19 
8622	20 
8623	26 
8624	25 
8625	19 
8626	21 
8627	24 
8628	28 
8629	17 
8630	20 
8631	7 
8632	8 
8633	20 
8634	6 
8635	4 
8636	11 
8637	8 
8638	20 
8639	5 
8640	22 
8641	21 
8642	6 
8643	24 
8644	24 
8645	9 
8646	12 
8647	7 
8648	27 
8649	6 
8650	18 
8651	18 
8652	9 
8653	9 
8654	17 
8655	13 
8656	17 
8657	20 
8658	7 
8659	19 
8660	24 
8661	17 
8662	28 
8663	6 
8664	17 
8665	27 
8666	8 
8667	20 
8668	9 
8669	27 
8670	14 
8671	16 
8672	3 
8673	14 
8674	19 
8675	13 
8676	9 
8677	11 
8678	8 
8679	13 
8680	22 
8681	1 
8682	9 
8683	13 
8684	19 
8685	23 
8686	24 
8687	6 
8688	19 
8689	13 
8690	1 
8691	10 
8692	3 
8693	9 
8694	3 
8695	4 
8696	24 
8697	5 
8698	14 
8699	3 
8700	16 
8701	18 
8702	13 
8703	5 
8704	9 
8705	4 
8706	20 
8707	25 
8708	14 
8709	5 
8710	19 
8711	28 
8712	3 
8713	19 
8714	10 
8715	28 
8716	27 
8717	7 
8718	5 
8719	6 
8720	5 
8721	10 
8722	28 
8723	14 
8724	4 
8725	12 
8726	18 
8727	9 
8728	25 
8729	8 
8730	6 
8731	13 
8732	17 
8733	27 
8734	25 
8735	26 
8736	10 
8737	13 
8738	28 
8739	27 
8740	21 
8741	12 
8742	25 
8743	10 
8744	12 
8745	23 
8746	20 
8747	24 
8748	9 
8749	21 
8750	22 
8751	27 
8752	5 
8753	2 
8754	5 
8755	21 
8756	25 
8757	2 
8758	27 
8759	27 
8760	1 
8761	12 
8762	10 
8763	13 
8764	14 
8765	17 
8766	22 
8767	12 
8768	20 
8769	20 
8770	5 
8771	22 
8772	18 
8773	1 
8774	24 
8775	4 
8776	18 
8777	9 
8778	12 
8779	1 
8780	17 
8781	15 
8782	5 
8783	25 
8784	27 
8785	12 
8786	4 
8787	23 
8788	14 
8789	23 
8790	6 
8791	15 
8792	4 
8793	26 
8794	17 
8795	14 
8796	28 
8797	8 
8798	11 
8799	4 
8800	11 
8801	6 
8802	13 
8803	6 
8804	11 
8805	13 
8806	1 
8807	16 
8808	18 
8809	12 
8810	18 
8811	5 
8812	15 
8813	17 
8814	24 
8815	24 
8816	17 
8817	18 
8818	23 
8819	19 
8820	8 
8821	18 
8822	21 
8823	15 
8824	2 
8825	14 
8826	6 
8827	10 
8828	14 
8829	25 
8830	7 
8831	4 
8832	25 
8833	14 
8834	9 
8835	4 
8836	23 
8837	27 
8838	14 
8839	5 
8840	24 
8841	4 
8842	20 
8843	25 
8844	8 
8845	28 
8846	28 
8847	8 
8848	13 
8849	3 
8850	18 
8851	22 
8852	16 
8853	9 
8854	1 
8855	14 
8856	15 
8857	15 
8858	13 
8859	14 
8860	5 
8861	13 
8862	6 
8863	28 
8864	6 
8865	28 
8866	17 
8867	9 
8868	19 
8869	28 
8870	27 
8871	25 
8872	4 
8873	11 
8874	15 
8875	20 
8876	25 
8877	11 
8878	12 
8879	19 
8880	26 
8881	4 
8882	28 
8883	24 
8884	10 
8885	13 
8886	15 
8887	9 
8888	24 
8889	14 
8890	9 
8891	9 
8892	25 
8893	5 
8894	6 
8895	12 
8896	2 
8897	7 
8898	3 
8899	11 
8900	3 
8901	12 
8902	2 
8903	5 
8904	21 
8905	7 
8906	26 
8907	3 
8908	13 
8909	23 
8910	20 
8911	5 
8912	24 
8913	18 
8914	21 
8915	11 
8916	24 
8917	13 
8918	24 
8919	27 
8920	27 
8921	26 
8922	6 
8923	16 
8924	15 
8925	17 
8926	24 
8927	9 
8928	14 
8929	9 
8930	27 
8931	25 
8932	4 
8933	17 
8934	20 
8935	28 
8936	21 
8937	2 
8938	6 
8939	2 
8940	19 
8941	21 
8942	27 
8943	22 
8944	27 
8945	5 
8946	28 
8947	12 
8948	6 
8949	15 
8950	15 
8951	13 
8952	6 
8953	5 
8954	4 
8955	22 
8956	10 
8957	26 
8958	27 
8959	26 
8960	1 
8961	24 
8962	4 
8963	5 
8964	10 
8965	4 
8966	19 
8967	27 
8968	18 
8969	11 
8970	7 
8971	16 
8972	7 
8973	28 
8974	27 
8975	10 
8976	13 
8977	17 
8978	5 
8979	25 
8980	25 
8981	24 
8982	4 
8983	27 
8984	11 
8985	18 
8986	17 
8987	3 
8988	23 
8989	26 
8990	5 
8991	9 
8992	27 
8993	12 
8994	14 
8995	14 
8996	24 
8997	25 
8998	7 
8999	23 
9000	19 
9001	13 
9002	24 
9003	27 
9004	22 
9005	1 
9006	22 
9007	4 
9008	26 
9009	27 
9010	16 
9011	11 
9012	25 
9013	12 
9014	13 
9015	27 
9016	22 
9017	9 
9018	3 
9019	9 
9020	22 
9021	5 
9022	1 
9023	11 
9024	10 
9025	12 
9026	28 
9027	26 
9028	11 
9029	20 
9030	15 
9031	27 
9032	16 
9033	9 
9034	5 
9035	24 
9036	2 
9037	5 
9038	5 
9039	5 
9040	15 
9041	18 
9042	3 
9043	2 
9044	24 
9045	11 
9046	28 
9047	12 
9048	13 
9049	2 
9050	4 
9051	22 
9052	19 
9053	6 
9054	21 
9055	10 
9056	9 
9057	16 
9058	27 
9059	26 
9060	9 
9061	15 
9062	15 
9063	17 
9064	26 
9065	16 
9066	18 
9067	12 
9068	9 
9069	2 
9070	13 
9071	12 
9072	8 
9073	3 
9074	17 
9075	12 
9076	1 
9077	11 
9078	16 
9079	14 
9080	4 
9081	28 
9082	10 
9083	20 
9084	25 
9085	28 
9086	24 
9087	28 
9088	9 
9089	1 
9090	20 
9091	18 
9092	24 
9093	5 
9094	27 
9095	23 
9096	4 
9097	25 
9098	18 
9099	3 
9100	15 
9101	6 
9102	25 
9103	15 
9104	9 
9105	20 
9106	7 
9107	28 
9108	4 
9109	7 
9110	18 
9111	3 
9112	24 
9113	24 
9114	23 
9115	24 
9116	18 
9117	6 
9118	13 
9119	1 
9120	14 
9121	9 
9122	22 
9123	25 
9124	10 
9125	3 
9126	14 
9127	20 
9128	11 
9129	7 
9130	21 
9131	4 
9132	6 
9133	17 
9134	28 
9135	12 
9136	6 
9137	27 
9138	25 
9139	6 
9140	2 
9141	12 
9142	17 
9143	27 
9144	4 
9145	22 
9146	28 
9147	5 
9148	16 
9149	14 
9150	5 
9151	24 
9152	22 
9153	7 
9154	6 
9155	10 
9156	8 
9157	5 
9158	1 
9159	23 
9160	6 
9161	3 
9162	7 
9163	13 
9164	20 
9165	25 
9166	5 
9167	22 
9168	2 
9169	22 
9170	15 
9171	3 
9172	22 
9173	16 
9174	13 
9175	5 
9176	2 
9177	22 
9178	11 
9179	23 
9180	14 
9181	28 
9182	3 
9183	25 
9184	13 
9185	22 
9186	13 
9187	8 
9188	27 
9189	21 
9190	20 
9191	6 
9192	15 
9193	12 
9194	21 
9195	27 
9196	3 
9197	8 
9198	27 
9199	17 
9200	5 
9201	8 
9202	11 
9203	6 
9204	27 
9205	10 
9206	19 
9207	21 
9208	11 
9209	24 
9210	21 
9211	27 
9212	16 
9213	25 
9214	24 
9215	9 
9216	9 
9217	23 
9218	21 
9219	12 
9220	11 
9221	18 
9222	6 
9223	1 
9224	6 
9225	28 
9226	13 
9227	28 
9228	3 
9229	4 
9230	17 
9231	9 
9232	10 
9233	16 
9234	24 
9235	12 
9236	28 
9237	24 
9238	20 
9239	15 
9240	21 
9241	8 
9242	9 
9243	25 
9244	6 
9245	27 
9246	21 
9247	28 
9248	16 
9249	21 
9250	16 
9251	1 
9252	28 
9253	24 
9254	18 
9255	26 
9256	1 
9257	9 
9258	18 
9259	10 
9260	12 
9261	21 
9262	19 
9263	28 
9264	18 
9265	18 
9266	25 
9267	5 
9268	27 
9269	18 
9270	12 
9271	12 
9272	8 
9273	13 
9274	16 
9275	4 
9276	12 
9277	20 
9278	15 
9279	2 
9280	22 
9281	12 
9282	22 
9283	4 
9284	9 
9285	13 
9286	16 
9287	20 
9288	13 
9289	20 
9290	3 
9291	1 
9292	11 
9293	5 
9294	28 
9295	2 
9296	5 
9297	8 
9298	24 
9299	7 
9300	27 
9301	10 
9302	21 
9303	6 
9304	14 
9305	9 
9306	13 
9307	15 
9308	22 
9309	21 
9310	4 
9311	13 
9312	25 
9313	27 
9314	9 
9315	9 
9316	8 
9317	16 
9318	28 
9319	9 
9320	25 
9321	13 
9322	16 
9323	6 
9324	20 
9325	16 
9326	2 
9327	1 
9328	17 
9329	28 
9330	9 
9331	13 
9332	26 
9333	7 
9334	6 
9335	13 
9336	16 
9337	21 
9338	4 
9339	15 
9340	25 
9341	7 
9342	6 
9343	5 
9344	15 
9345	15 
9346	26 
9347	24 
9348	26 
9349	18 
9350	9 
9351	24 
9352	11 
9353	18 
9354	26 
9355	1 
9356	24 
9357	10 
9358	20 
9359	4 
9360	4 
9361	11 
9362	5 
9363	22 
9364	24 
9365	14 
9366	5 
9367	22 
9368	6 
9369	9 
9370	25 
9371	2 
9372	11 
9373	13 
9374	18 
9375	4 
9376	9 
9377	13 
9378	17 
9379	25 
9380	16 
9381	11 
9382	18 
9383	5 
9384	8 
9385	24 
9386	2 
9387	12 
9388	18 
9389	6 
9390	27 
9391	5 
9392	12 
9393	5 
9394	12 
9395	7 
9396	26 
9397	22 
9398	15 
9399	3 
9400	2 
9401	21 
9402	8 
9403	13 
9404	27 
9405	9 
9406	27 
9407	17 
9408	7 
9409	4 
9410	12 
9411	14 
9412	20 
9413	14 
9414	14 
9415	13 
9416	14 
9417	27 
9418	20 
9419	18 
9420	20 
9421	26 
9422	7 
9423	7 
9424	6 
9425	13 
9426	16 
9427	10 
9428	24 
9429	8 
9430	9 
9431	28 
9432	9 
9433	15 
9434	13 
9435	24 
9436	23 
9437	9 
9438	9 
9439	24 
9440	24 
9441	20 
9442	10 
9443	17 
9444	22 
9445	24 
9446	21 
9447	27 
9448	5 
9449	5 
9450	26 
9451	3 
9452	14 
9453	11 
9454	13 
9455	3 
9456	3 
9457	21 
9458	4 
9459	21 
9460	24 
9461	24 
9462	14 
9463	24 
9464	9 
9465	1 
9466	6 
9467	13 
9468	6 
9469	14 
9470	20 
9471	20 
9472	14 
9473	16 
9474	3 
9475	25 
9476	1 
9477	14 
9478	7 
9479	4 
9480	11 
9481	11 
9482	9 
9483	23 
9484	19 
9485	16 
9486	13 
9487	15 
9488	16 
9489	5 
9490	4 
9491	11 
9492	10 
9493	20 
9494	23 
9495	3 
9496	27 
9497	14 
9498	16 
9499	5 
9500	1 
9501	16 
9502	10 
9503	1 
9504	23 
9505	13 
9506	7 
9507	17 
9508	7 
9509	21 
9510	11 
9511	7 
9512	11 
9513	2 
9514	25 
9515	26 
9516	17 
9517	10 
9518	17 
9519	14 
9520	25 
9521	21 
9522	13 
9523	27 
9524	14 
9525	4 
9526	7 
9527	13 
9528	14 
9529	22 
9530	8 
9531	27 
9532	11 
9533	24 
9534	3 
9535	5 
9536	11 
9537	13 
9538	15 
9539	19 
9540	26 
9541	18 
9542	21 
9543	17 
9544	19 
9545	20 
9546	19 
9547	25 
9548	10 
9549	24 
9550	18 
9551	6 
9552	19 
9553	9 
9554	20 
9555	4 
9556	15 
9557	18 
9558	15 
9559	1 
9560	21 
9561	17 
9562	13 
9563	8 
9564	9 
9565	22 
9566	28 
9567	6 
9568	4 
9569	20 
9570	16 
9571	3 
9572	4 
9573	26 
9574	24 
9575	26 
9576	1 
9577	6 
9578	24 
9579	27 
9580	9 
9581	21 
9582	8 
9583	2 
9584	22 
9585	4 
9586	3 
9587	25 
9588	25 
9589	19 
9590	8 
9591	22 
9592	7 
9593	25 
9594	14 
9595	28 
9596	24 
9597	7 
9598	5 
9599	26 
9600	1 
9601	21 
9602	13 
9603	3 
9604	12 
9605	21 
9606	5 
9607	21 
9608	6 
9609	15 
9610	10 
9611	10 
9612	1 
9613	9 
9614	3 
9615	24 
9616	25 
9617	21 
9618	17 
9619	17 
9620	18 
9621	19 
9622	7 
9623	28 
9624	28 
9625	17 
9626	24 
9627	26 
9628	2 
9629	12 
9630	21 
9631	11 
9632	28 
9633	20 
9634	22 
9635	13 
9636	5 
9637	24 
9638	12 
9639	28 
9640	14 
9641	11 
9642	20 
9643	20 
9644	7 
9645	23 
9646	1 
9647	16 
9648	15 
9649	20 
9650	4 
9651	17 
9652	28 
9653	23 
9654	11 
9655	17 
9656	27 
9657	24 
9658	27 
9659	28 
9660	1 
9661	11 
9662	11 
9663	27 
9664	10 
9665	24 
9666	24 
9667	6 
9668	14 
9669	24 
9670	10 
9671	21 
9672	23 
9673	3 
9674	14 
9675	6 
9676	5 
9677	2 
9678	7 
9679	5 
9680	5 
9681	9 
9682	11 
9683	4 
9684	13 
9685	4 
9686	5 
9687	2 
9688	17 
9689	28 
9690	2 
9691	10 
9692	6 
9693	21 
9694	27 
9695	24 
9696	27 
9697	16 
9698	4 
9699	3 
9700	16 
9701	26 
9702	27 
9703	23 
9704	3 
9705	18 
9706	7 
9707	11 
9708	19 
9709	22 
9710	6 
9711	27 
9712	17 
9713	26 
9714	9 
9715	7 
9716	12 
9717	14 
9718	15 
9719	27 
9720	17 
9721	16 
9722	1 
9723	24 
9724	7 
9725	19 
9726	16 
9727	20 
9728	15 
9729	7 
9730	23 
9731	18 
9732	27 
9733	11 
9734	27 
9735	27 
9736	9 
9737	6 
9738	4 
9739	18 
9740	16 
9741	8 
9742	15 
9743	14 
9744	1 
9745	22 
9746	9 
9747	5 
9748	20 
9749	28 
9750	4 
9751	14 
9752	25 
9753	1 
9754	28 
9755	13 
9756	28 
9757	10 
9758	8 
9759	7 
9760	13 
9761	25 
9762	5 
9763	8 
9764	22 
9765	9 
9766	13 
9767	27 
9768	16 
9769	10 
9770	1 
9771	15 
9772	11 
9773	6 
9774	25 
9775	27 
9776	27 
9777	24 
9778	19 
9779	9 
9780	6 
9781	16 
9782	28 
9783	14 
9784	6 
9785	10 
9786	1 
9787	16 
9788	28 
9789	8 
9790	12 
9791	26 
9792	24 
9793	18 
9794	21 
9795	21 
9796	21 
9797	25 
9798	18 
9799	28 
9800	15 
9801	22 
9802	26 
9803	27 
9804	2 
9805	11 
9806	24 
9807	24 
9808	14 
9809	27 
9810	19 
9811	9 
9812	9 
9813	24 
9814	10 
9815	12 
9816	11 
9817	17 
9818	19 
9819	13 
9820	1 
9821	4 
9822	28 
9823	21 
9824	15 
9825	24 
9826	22 
9827	10 
9828	26 
9829	23 
9830	28 
9831	28 
9832	4 
9833	25 
9834	23 
9835	9 
9836	23 
9837	24 
9838	19 
9839	18 
9840	24 
9841	27 
9842	12 
9843	25 
9844	25 
9845	5 
9846	25 
9847	27 
9848	6 
9849	26 
9850	5 
9851	6 
9852	6 
9853	6 
9854	21 
9855	7 
9856	7 
9857	4 
9858	15 
9859	10 
9860	24 
9861	28 
9862	15 
9863	16 
9864	25 
9865	8 
9866	1 
9867	7 
9868	18 
9869	20 
9870	21 
9871	25 
9872	28 
9873	10 
9874	11 
9875	5 
9876	5 
9877	26 
9878	12 
9879	14 
9880	15 
9881	5 
9882	8 
9883	23 
9884	19 
9885	17 
9886	27 
9887	16 
9888	8 
9889	17 
9890	24 
9891	26 
9892	11 
9893	12 
9894	10 
9895	15 
9896	17 
9897	7 
9898	11 
9899	25 
9900	8 
9901	12 
9902	14 
9903	21 
9904	7 
9905	25 
9906	4 
9907	12 
9908	27 
9909	14 
9910	18 
9911	22 
9912	1 
9913	11 
9914	16 
9915	17 
9916	24 
9917	24 
9918	5 
9919	5 
9920	9 
9921	9 
9922	11 
9923	28 
9924	21 
9925	21 
9926	21 
9927	1 
9928	9 
9929	15 
9930	9 
9931	17 
9932	5 
9933	13 
9934	21 
9935	1 
9936	8 
9937	23 
9938	12 
9939	18 
9940	10 
9941	5 
9942	21 
9943	3 
9944	13 
9945	14 
9946	21 
9947	13 
9948	20 
9949	12 
9950	4 
9951	21 
9952	6 
9953	6 
9954	28 
9955	28 
9956	22 
9957	3 
9958	5 
9959	25 
9960	3 
9961	11 
9962	24 
9963	13 
9964	9 
9965	1 
9966	25 
9967	2 
9968	27 
9969	2 
9970	26 
9971	28 
9972	17 
9973	3 
9974	23 
9975	4 
9976	9 
9977	15 
9978	20 
9979	25 
9980	8 
9981	4 
9982	7 
9983	28 
9984	18 
9985	28 
9986	14 
9987	15 
9988	7 
9989	7 
9990	19 
9991	10 
9992	4 
9993	28 
9994	8 
9995	16 
9996	19 
9997	28 
9998	7 
9999	3 
10000	17 
