1	108 
2	91 
3	149 
4	149 
5	68 
6	57 
7	90 
8	60 
9	5 
10	87 
11	78 
12	89 
13	3 
14	44 
15	95 
16	156 
17	78 
18	59 
19	132 
20	37 
21	123 
22	136 
23	22 
24	81 
25	138 
26	159 
27	96 
28	16 
29	69 
30	92 
31	111 
32	25 
33	146 
34	77 
35	66 
36	144 
37	140 
38	5 
39	15 
40	80 
41	20 
42	111 
43	17 
44	19 
45	159 
46	129 
47	101 
48	65 
49	109 
50	27 
51	91 
52	72 
53	84 
54	91 
55	132 
56	10 
57	2 
58	51 
59	86 
60	56 
61	101 
62	7 
63	73 
64	62 
65	126 
66	113 
67	69 
68	110 
69	88 
70	47 
71	11 
72	129 
73	66 
74	123 
75	88 
76	15 
77	140 
78	145 
79	18 
80	112 
81	112 
82	28 
83	47 
84	113 
85	23 
86	7 
87	80 
88	73 
89	132 
90	123 
91	114 
92	92 
93	25 
94	147 
95	32 
96	71 
97	55 
98	157 
99	9 
100	150 
101	147 
102	115 
103	17 
104	128 
105	66 
106	120 
107	138 
108	73 
109	34 
110	74 
111	135 
112	34 
113	6 
114	113 
115	116 
116	94 
117	9 
118	13 
119	115 
120	148 
121	18 
122	83 
123	114 
124	17 
125	47 
126	43 
127	119 
128	54 
129	125 
130	13 
131	94 
132	131 
133	86 
134	35 
135	122 
136	46 
137	39 
138	158 
139	5 
140	144 
141	77 
142	129 
143	36 
144	134 
145	146 
146	142 
147	2 
148	40 
149	79 
150	124 
151	53 
152	90 
153	132 
154	120 
155	137 
156	41 
157	50 
158	135 
159	51 
160	114 
161	138 
162	158 
163	116 
164	63 
165	151 
166	75 
167	139 
168	133 
169	133 
170	63 
171	35 
172	101 
173	1 
174	41 
175	122 
176	156 
177	70 
178	2 
179	84 
180	151 
181	62 
182	100 
183	66 
184	63 
185	104 
186	59 
187	74 
188	158 
189	126 
190	113 
191	56 
192	107 
193	98 
194	131 
195	53 
196	37 
197	78 
198	41 
199	111 
200	95 
201	75 
202	47 
203	113 
204	84 
205	108 
206	152 
207	61 
208	74 
209	3 
210	107 
211	40 
212	79 
213	119 
214	79 
215	156 
216	132 
217	155 
218	119 
219	61 
220	79 
221	126 
222	12 
223	60 
224	59 
225	75 
226	11 
227	5 
228	69 
229	46 
230	26 
231	43 
232	149 
233	103 
234	82 
235	55 
236	72 
237	30 
238	158 
239	83 
240	92 
241	7 
242	152 
243	30 
244	16 
245	98 
246	90 
247	68 
248	87 
249	46 
250	44 
251	121 
252	53 
253	141 
254	61 
255	51 
256	140 
257	97 
258	76 
259	47 
260	110 
261	2 
262	99 
263	39 
264	57 
265	120 
266	68 
267	82 
268	145 
269	42 
270	66 
271	116 
272	77 
273	107 
274	148 
275	101 
276	103 
277	24 
278	157 
279	88 
280	51 
281	52 
282	11 
283	51 
284	73 
285	2 
286	93 
287	136 
288	80 
289	111 
290	55 
291	139 
292	33 
293	123 
294	22 
295	146 
296	16 
297	125 
298	58 
299	65 
300	7 
301	94 
302	14 
303	130 
304	96 
305	81 
306	118 
307	127 
308	63 
309	152 
310	122 
311	98 
312	60 
313	49 
314	41 
315	87 
316	8 
317	148 
318	100 
319	113 
320	100 
321	146 
322	96 
323	116 
324	39 
325	7 
326	70 
327	153 
328	76 
329	49 
330	28 
331	9 
332	33 
333	54 
334	94 
335	141 
336	94 
337	89 
338	60 
339	111 
340	103 
341	47 
342	149 
343	142 
344	67 
345	56 
346	1 
347	64 
348	109 
349	145 
350	54 
351	17 
352	72 
353	20 
354	32 
355	129 
356	17 
357	50 
358	86 
359	76 
360	38 
361	32 
362	59 
363	10 
364	18 
365	52 
366	46 
367	55 
368	22 
369	47 
370	124 
371	125 
372	121 
373	111 
374	32 
375	76 
376	159 
377	72 
378	95 
379	25 
380	137 
381	145 
382	125 
383	124 
384	65 
385	95 
386	114 
387	8 
388	38 
389	58 
390	57 
391	124 
392	134 
393	135 
394	41 
395	76 
396	140 
397	35 
398	134 
399	14 
400	46 
401	151 
402	125 
403	14 
404	103 
405	132 
406	123 
407	37 
408	133 
409	81 
410	139 
411	70 
412	111 
413	145 
414	92 
415	133 
416	114 
417	80 
418	53 
419	92 
420	47 
421	123 
422	73 
423	63 
424	114 
425	149 
426	105 
427	37 
428	158 
429	81 
430	30 
431	74 
432	49 
433	32 
434	48 
435	132 
436	46 
437	36 
438	13 
439	152 
440	114 
441	96 
442	91 
443	108 
444	70 
445	106 
446	39 
447	135 
448	34 
449	47 
450	73 
451	106 
452	129 
453	37 
454	151 
455	47 
456	49 
457	106 
458	26 
459	59 
460	95 
461	115 
462	102 
463	13 
464	124 
465	115 
466	29 
467	133 
468	31 
469	69 
470	74 
471	99 
472	53 
473	39 
474	55 
475	65 
476	28 
477	35 
478	1 
479	20 
480	16 
481	135 
482	96 
483	129 
484	13 
485	155 
486	47 
487	3 
488	3 
489	155 
490	47 
491	159 
492	10 
493	99 
494	87 
495	45 
496	115 
497	158 
498	159 
499	28 
500	89 
501	59 
502	99 
503	140 
504	74 
505	101 
506	29 
507	116 
508	89 
509	12 
510	48 
511	141 
512	147 
513	72 
514	70 
515	49 
516	99 
517	106 
518	86 
519	76 
520	63 
521	144 
522	146 
523	62 
524	88 
525	135 
526	118 
527	103 
528	8 
529	56 
530	11 
531	29 
532	57 
533	80 
534	28 
535	52 
536	139 
537	53 
538	89 
539	118 
540	99 
541	57 
542	101 
543	34 
544	43 
545	73 
546	92 
547	65 
548	152 
549	126 
550	103 
551	101 
552	136 
553	18 
554	27 
555	89 
556	64 
557	114 
558	137 
559	27 
560	82 
561	72 
562	77 
563	30 
564	107 
565	12 
566	47 
567	77 
568	99 
569	62 
570	75 
571	18 
572	127 
573	29 
574	156 
575	23 
576	140 
577	9 
578	25 
579	35 
580	57 
581	78 
582	78 
583	124 
584	123 
585	110 
586	59 
587	122 
588	106 
589	91 
590	63 
591	54 
592	140 
593	97 
594	96 
595	76 
596	147 
597	34 
598	114 
599	118 
600	77 
601	106 
602	110 
603	92 
604	41 
605	123 
606	29 
607	83 
608	43 
609	99 
610	38 
611	21 
612	78 
613	44 
614	151 
615	120 
616	99 
617	41 
618	151 
619	32 
620	42 
621	104 
622	102 
623	103 
624	80 
625	141 
626	43 
627	7 
628	32 
629	8 
630	79 
631	7 
632	73 
633	43 
634	54 
635	46 
636	128 
637	64 
638	101 
639	140 
640	100 
641	140 
642	108 
643	147 
644	159 
645	56 
646	11 
647	122 
648	53 
649	142 
650	124 
651	114 
652	117 
653	86 
654	48 
655	10 
656	67 
657	99 
658	17 
659	112 
660	112 
661	116 
662	154 
663	157 
664	37 
665	26 
666	69 
667	92 
668	125 
669	82 
670	152 
671	75 
672	4 
673	115 
674	66 
675	124 
676	78 
677	107 
678	159 
679	79 
680	54 
681	80 
682	156 
683	59 
684	54 
685	80 
686	52 
687	113 
688	84 
689	51 
690	131 
691	113 
692	18 
693	125 
694	139 
695	75 
696	110 
697	28 
698	113 
699	76 
700	113 
701	55 
702	10 
703	132 
704	125 
705	137 
706	134 
707	61 
708	41 
709	54 
710	71 
711	44 
712	127 
713	26 
714	15 
715	81 
716	60 
717	55 
718	76 
719	94 
720	152 
721	98 
722	53 
723	123 
724	107 
725	36 
726	142 
727	9 
728	46 
729	112 
730	159 
731	53 
732	8 
733	117 
734	65 
735	56 
736	154 
737	58 
738	104 
739	86 
740	109 
741	130 
742	74 
743	9 
744	85 
745	124 
746	89 
747	43 
748	69 
749	6 
750	102 
751	107 
752	58 
753	93 
754	104 
755	31 
756	22 
757	53 
758	10 
759	99 
760	54 
761	128 
762	13 
763	100 
764	75 
765	5 
766	48 
767	25 
768	104 
769	2 
770	38 
771	4 
772	33 
773	51 
774	79 
775	41 
776	20 
777	79 
778	65 
779	18 
780	55 
781	94 
782	18 
783	86 
784	151 
785	144 
786	137 
787	15 
788	118 
789	108 
790	154 
791	119 
792	16 
793	14 
794	106 
795	55 
796	88 
797	7 
798	90 
799	110 
800	92 
801	92 
802	62 
803	82 
804	140 
805	146 
806	139 
807	63 
808	95 
809	121 
810	12 
811	74 
812	16 
813	122 
814	87 
815	26 
816	144 
817	7 
818	137 
819	152 
820	78 
821	110 
822	21 
823	6 
824	151 
825	153 
826	122 
827	72 
828	84 
829	100 
830	51 
831	74 
832	34 
833	153 
834	2 
835	88 
836	80 
837	134 
838	138 
839	99 
840	84 
841	141 
842	85 
843	68 
844	150 
845	90 
846	151 
847	24 
848	32 
849	35 
850	59 
851	28 
852	136 
853	116 
854	43 
855	41 
856	99 
857	121 
858	72 
859	8 
860	62 
861	29 
862	29 
863	156 
864	127 
865	143 
866	41 
867	16 
868	19 
869	89 
870	133 
871	149 
872	104 
873	58 
874	73 
875	142 
876	39 
877	28 
878	22 
879	13 
880	74 
881	23 
882	73 
883	98 
884	140 
885	24 
886	106 
887	39 
888	75 
889	123 
890	137 
891	111 
892	15 
893	19 
894	89 
895	9 
896	81 
897	20 
898	152 
899	70 
900	15 
901	70 
902	101 
903	40 
904	110 
905	52 
906	99 
907	60 
908	1 
909	87 
910	120 
911	42 
912	132 
913	124 
914	65 
915	149 
916	10 
917	46 
918	53 
919	126 
920	148 
921	2 
922	90 
923	38 
924	76 
925	124 
926	133 
927	41 
928	116 
929	85 
930	123 
931	82 
932	77 
933	39 
934	80 
935	13 
936	36 
937	29 
938	143 
939	134 
940	58 
941	157 
942	55 
943	57 
944	76 
945	142 
946	124 
947	150 
948	74 
949	117 
950	91 
951	126 
952	123 
953	70 
954	112 
955	88 
956	6 
957	97 
958	26 
959	114 
960	89 
961	45 
962	21 
963	144 
964	111 
965	157 
966	126 
967	33 
968	146 
969	133 
970	71 
971	117 
972	48 
973	137 
974	30 
975	138 
976	3 
977	73 
978	11 
979	63 
980	44 
981	88 
982	55 
983	93 
984	34 
985	65 
986	34 
987	101 
988	4 
989	88 
990	21 
991	115 
992	91 
993	65 
994	65 
995	68 
996	7 
997	37 
998	54 
999	4 
1000	14 
1001	7 
1002	152 
1003	109 
1004	100 
1005	33 
1006	140 
1007	13 
1008	77 
1009	111 
1010	62 
1011	7 
1012	18 
1013	69 
1014	152 
1015	36 
1016	156 
1017	35 
1018	153 
1019	103 
1020	99 
1021	101 
1022	103 
1023	20 
1024	135 
1025	57 
1026	153 
1027	16 
1028	93 
1029	109 
1030	103 
1031	28 
1032	46 
1033	99 
1034	26 
1035	62 
1036	54 
1037	115 
1038	84 
1039	137 
1040	102 
1041	74 
1042	97 
1043	31 
1044	125 
1045	3 
1046	107 
1047	156 
1048	13 
1049	2 
1050	78 
1051	129 
1052	157 
1053	152 
1054	22 
1055	85 
1056	26 
1057	22 
1058	15 
1059	8 
1060	113 
1061	21 
1062	41 
1063	143 
1064	151 
1065	120 
1066	148 
1067	6 
1068	30 
1069	45 
1070	69 
1071	49 
1072	9 
1073	30 
1074	127 
1075	65 
1076	136 
1077	22 
1078	107 
1079	120 
1080	5 
1081	93 
1082	60 
1083	87 
1084	158 
1085	61 
1086	103 
1087	63 
1088	7 
1089	49 
1090	54 
1091	28 
1092	52 
1093	156 
1094	77 
1095	29 
1096	102 
1097	108 
1098	22 
1099	102 
1100	37 
1101	72 
1102	53 
1103	62 
1104	137 
1105	9 
1106	110 
1107	46 
1108	92 
1109	31 
1110	74 
1111	84 
1112	120 
1113	59 
1114	121 
1115	43 
1116	155 
1117	82 
1118	148 
1119	140 
1120	2 
1121	117 
1122	104 
1123	56 
1124	5 
1125	37 
1126	81 
1127	159 
1128	71 
1129	25 
1130	88 
1131	75 
1132	134 
1133	120 
1134	7 
1135	57 
1136	38 
1137	2 
1138	81 
1139	66 
1140	5 
1141	20 
1142	17 
1143	106 
1144	150 
1145	76 
1146	113 
1147	78 
1148	130 
1149	116 
1150	126 
1151	126 
1152	46 
1153	147 
1154	78 
1155	112 
1156	5 
1157	53 
1158	144 
1159	40 
1160	37 
1161	142 
1162	99 
1163	42 
1164	50 
1165	27 
1166	150 
1167	76 
1168	133 
1169	97 
1170	157 
1171	78 
1172	104 
1173	17 
1174	65 
1175	60 
1176	85 
1177	56 
1178	27 
1179	81 
1180	94 
1181	125 
1182	31 
1183	3 
1184	119 
1185	29 
1186	103 
1187	70 
1188	134 
1189	155 
1190	147 
1191	71 
1192	141 
1193	76 
1194	154 
1195	60 
1196	115 
1197	44 
1198	159 
1199	110 
1200	62 
1201	55 
1202	97 
1203	96 
1204	14 
1205	78 
1206	50 
1207	139 
1208	81 
1209	78 
1210	123 
1211	115 
1212	35 
1213	80 
1214	15 
1215	123 
1216	118 
1217	149 
1218	28 
1219	146 
1220	25 
1221	65 
1222	81 
1223	83 
1224	46 
1225	12 
1226	151 
1227	144 
1228	146 
1229	102 
1230	64 
1231	10 
1232	71 
1233	108 
1234	72 
1235	40 
1236	148 
1237	7 
1238	121 
1239	142 
1240	137 
1241	156 
1242	154 
1243	31 
1244	18 
1245	21 
1246	27 
1247	80 
1248	123 
1249	14 
1250	119 
1251	126 
1252	29 
1253	13 
1254	99 
1255	47 
1256	59 
1257	61 
1258	83 
1259	20 
1260	5 
1261	89 
1262	134 
1263	107 
1264	89 
1265	121 
1266	117 
1267	45 
1268	67 
1269	69 
1270	67 
1271	120 
1272	132 
1273	92 
1274	81 
1275	111 
1276	146 
1277	149 
1278	61 
1279	122 
1280	144 
1281	27 
1282	140 
1283	157 
1284	56 
1285	35 
1286	26 
1287	51 
1288	73 
1289	111 
1290	105 
1291	51 
1292	115 
1293	91 
1294	132 
1295	105 
1296	61 
1297	65 
1298	154 
1299	71 
1300	47 
1301	145 
1302	108 
1303	130 
1304	25 
1305	129 
1306	44 
1307	25 
1308	115 
1309	113 
1310	9 
1311	130 
1312	103 
1313	83 
1314	100 
1315	25 
1316	39 
1317	4 
1318	45 
1319	118 
1320	120 
1321	102 
1322	57 
1323	64 
1324	111 
1325	156 
1326	149 
1327	141 
1328	156 
1329	134 
1330	7 
1331	82 
1332	101 
1333	70 
1334	37 
1335	79 
1336	14 
1337	138 
1338	151 
1339	18 
1340	110 
1341	91 
1342	121 
1343	147 
1344	94 
1345	8 
1346	66 
1347	71 
1348	117 
1349	106 
1350	65 
1351	43 
1352	17 
1353	15 
1354	63 
1355	52 
1356	112 
1357	53 
1358	86 
1359	53 
1360	113 
1361	91 
1362	6 
1363	47 
1364	93 
1365	78 
1366	90 
1367	76 
1368	133 
1369	12 
1370	133 
1371	11 
1372	74 
1373	147 
1374	98 
1375	6 
1376	12 
1377	82 
1378	18 
1379	44 
1380	142 
1381	95 
1382	152 
1383	51 
1384	42 
1385	116 
1386	105 
1387	59 
1388	100 
1389	36 
1390	34 
1391	154 
1392	142 
1393	23 
1394	70 
1395	25 
1396	107 
1397	28 
1398	103 
1399	1 
1400	98 
1401	64 
1402	43 
1403	38 
1404	56 
1405	133 
1406	31 
1407	37 
1408	44 
1409	41 
1410	29 
1411	38 
1412	62 
1413	48 
1414	31 
1415	35 
1416	78 
1417	121 
1418	47 
1419	19 
1420	17 
1421	30 
1422	145 
1423	62 
1424	31 
1425	127 
1426	115 
1427	45 
1428	129 
1429	52 
1430	144 
1431	94 
1432	132 
1433	127 
1434	98 
1435	159 
1436	144 
1437	133 
1438	66 
1439	136 
1440	117 
1441	44 
1442	22 
1443	95 
1444	106 
1445	49 
1446	30 
1447	118 
1448	22 
1449	4 
1450	140 
1451	65 
1452	5 
1453	121 
1454	85 
1455	19 
1456	22 
1457	149 
1458	66 
1459	34 
1460	28 
1461	115 
1462	136 
1463	46 
1464	141 
1465	16 
1466	136 
1467	155 
1468	43 
1469	117 
1470	52 
1471	48 
1472	11 
1473	121 
1474	10 
1475	3 
1476	90 
1477	13 
1478	7 
1479	118 
1480	116 
1481	7 
1482	92 
1483	77 
1484	71 
1485	130 
1486	133 
1487	86 
1488	123 
1489	145 
1490	8 
1491	34 
1492	9 
1493	66 
1494	101 
1495	123 
1496	69 
1497	26 
1498	61 
1499	57 
1500	61 
1501	50 
1502	88 
1503	9 
1504	101 
1505	16 
1506	99 
1507	140 
1508	88 
1509	79 
1510	1 
1511	91 
1512	12 
1513	7 
1514	111 
1515	30 
1516	7 
1517	1 
1518	77 
1519	34 
1520	127 
1521	144 
1522	33 
1523	99 
1524	56 
1525	152 
1526	77 
1527	90 
1528	156 
1529	56 
1530	103 
1531	52 
1532	44 
1533	94 
1534	113 
1535	154 
1536	76 
1537	104 
1538	124 
1539	90 
1540	159 
1541	149 
1542	88 
1543	25 
1544	53 
1545	96 
1546	56 
1547	127 
1548	108 
1549	84 
1550	112 
1551	116 
1552	101 
1553	78 
1554	7 
1555	105 
1556	73 
1557	51 
1558	10 
1559	132 
1560	57 
1561	61 
1562	44 
1563	155 
1564	37 
1565	6 
1566	62 
1567	23 
1568	1 
1569	37 
1570	106 
1571	36 
1572	12 
1573	108 
1574	43 
1575	116 
1576	26 
1577	24 
1578	133 
1579	86 
1580	53 
1581	69 
1582	41 
1583	26 
1584	21 
1585	98 
1586	115 
1587	128 
1588	37 
1589	88 
1590	3 
1591	152 
1592	155 
1593	138 
1594	148 
1595	69 
1596	95 
1597	120 
1598	143 
1599	154 
1600	86 
1601	16 
1602	145 
1603	72 
1604	82 
1605	61 
1606	2 
1607	156 
1608	91 
1609	41 
1610	69 
1611	119 
1612	11 
1613	4 
1614	114 
1615	55 
1616	150 
1617	128 
1618	75 
1619	158 
1620	39 
1621	141 
1622	48 
1623	116 
1624	100 
1625	75 
1626	44 
1627	109 
1628	106 
1629	115 
1630	141 
1631	106 
1632	91 
1633	141 
1634	144 
1635	141 
1636	79 
1637	125 
1638	158 
1639	109 
1640	111 
1641	42 
1642	114 
1643	37 
1644	63 
1645	113 
1646	112 
1647	23 
1648	141 
1649	90 
1650	9 
1651	131 
1652	47 
1653	159 
1654	93 
1655	110 
1656	122 
1657	153 
1658	146 
1659	122 
1660	69 
1661	8 
1662	29 
1663	44 
1664	46 
1665	21 
1666	73 
1667	64 
1668	131 
1669	114 
1670	95 
1671	133 
1672	95 
1673	128 
1674	16 
1675	60 
1676	130 
1677	12 
1678	104 
1679	80 
1680	69 
1681	124 
1682	49 
1683	146 
1684	84 
1685	81 
1686	150 
1687	137 
1688	99 
1689	66 
1690	83 
1691	16 
1692	8 
1693	16 
1694	135 
1695	119 
1696	43 
1697	90 
1698	33 
1699	102 
1700	48 
1701	149 
1702	62 
1703	148 
1704	101 
1705	35 
1706	132 
1707	41 
1708	17 
1709	46 
1710	65 
1711	111 
1712	76 
1713	142 
1714	45 
1715	136 
1716	84 
1717	113 
1718	106 
1719	100 
1720	56 
1721	39 
1722	3 
1723	78 
1724	78 
1725	56 
1726	157 
1727	33 
1728	84 
1729	2 
1730	25 
1731	34 
1732	53 
1733	107 
1734	111 
1735	23 
1736	1 
1737	119 
1738	99 
1739	88 
1740	39 
1741	106 
1742	111 
1743	58 
1744	111 
1745	5 
1746	47 
1747	29 
1748	49 
1749	155 
1750	84 
1751	7 
1752	74 
1753	85 
1754	77 
1755	159 
1756	138 
1757	115 
1758	137 
1759	78 
1760	32 
1761	45 
1762	83 
1763	33 
1764	104 
1765	100 
1766	137 
1767	137 
1768	95 
1769	153 
1770	113 
1771	29 
1772	157 
1773	4 
1774	32 
1775	106 
1776	36 
1777	26 
1778	108 
1779	92 
1780	13 
1781	83 
1782	81 
1783	107 
1784	69 
1785	77 
1786	95 
1787	93 
1788	34 
1789	95 
1790	134 
1791	81 
1792	41 
1793	31 
1794	133 
1795	53 
1796	103 
1797	159 
1798	130 
1799	10 
1800	62 
1801	150 
1802	3 
1803	111 
1804	107 
1805	103 
1806	36 
1807	89 
1808	128 
1809	59 
1810	41 
1811	123 
1812	93 
1813	106 
1814	45 
1815	41 
1816	136 
1817	89 
1818	31 
1819	69 
1820	150 
1821	3 
1822	114 
1823	78 
1824	151 
1825	139 
1826	45 
1827	79 
1828	69 
1829	47 
1830	77 
1831	33 
1832	108 
1833	115 
1834	32 
1835	77 
1836	3 
1837	115 
1838	59 
1839	30 
1840	125 
1841	17 
1842	106 
1843	125 
1844	73 
1845	3 
1846	100 
1847	85 
1848	18 
1849	13 
1850	129 
1851	39 
1852	18 
1853	88 
1854	42 
1855	26 
1856	10 
1857	6 
1858	60 
1859	37 
1860	150 
1861	57 
1862	144 
1863	30 
1864	78 
1865	159 
1866	94 
1867	104 
1868	112 
1869	122 
1870	97 
1871	38 
1872	100 
1873	105 
1874	78 
1875	42 
1876	143 
1877	91 
1878	157 
1879	62 
1880	10 
1881	138 
1882	55 
1883	17 
1884	12 
1885	159 
1886	111 
1887	82 
1888	2 
1889	127 
1890	110 
1891	111 
1892	111 
1893	133 
1894	112 
1895	73 
1896	79 
1897	46 
1898	130 
1899	115 
1900	24 
1901	138 
1902	56 
1903	139 
1904	27 
1905	137 
1906	30 
1907	150 
1908	41 
1909	21 
1910	125 
1911	137 
1912	55 
1913	125 
1914	136 
1915	141 
1916	59 
1917	104 
1918	126 
1919	101 
1920	115 
1921	131 
1922	141 
1923	137 
1924	104 
1925	64 
1926	20 
1927	128 
1928	26 
1929	48 
1930	28 
1931	58 
1932	159 
1933	119 
1934	116 
1935	28 
1936	102 
1937	73 
1938	89 
1939	112 
1940	37 
1941	131 
1942	19 
1943	16 
1944	43 
1945	50 
1946	97 
1947	1 
1948	32 
1949	74 
1950	7 
1951	37 
1952	69 
1953	129 
1954	91 
1955	144 
1956	109 
1957	91 
1958	79 
1959	69 
1960	139 
1961	130 
1962	6 
1963	54 
1964	132 
1965	31 
1966	6 
1967	129 
1968	143 
1969	137 
1970	84 
1971	34 
1972	157 
1973	16 
1974	10 
1975	72 
1976	98 
1977	154 
1978	121 
1979	52 
1980	151 
1981	87 
1982	89 
1983	83 
1984	4 
1985	146 
1986	91 
1987	28 
1988	78 
1989	32 
1990	32 
1991	98 
1992	10 
1993	45 
1994	27 
1995	45 
1996	104 
1997	104 
1998	115 
1999	43 
2000	123 
2001	51 
2002	80 
2003	23 
2004	18 
2005	52 
2006	131 
2007	75 
2008	144 
2009	159 
2010	19 
2011	156 
2012	53 
2013	100 
2014	58 
2015	91 
2016	138 
2017	80 
2018	156 
2019	101 
2020	141 
2021	154 
2022	39 
2023	51 
2024	34 
2025	61 
2026	37 
2027	46 
2028	88 
2029	150 
2030	151 
2031	49 
2032	28 
2033	91 
2034	85 
2035	13 
2036	16 
2037	29 
2038	79 
2039	99 
2040	2 
2041	157 
2042	113 
2043	1 
2044	151 
2045	154 
2046	55 
2047	32 
2048	134 
2049	143 
2050	70 
2051	114 
2052	69 
2053	101 
2054	159 
2055	65 
2056	91 
2057	44 
2058	125 
2059	117 
2060	143 
2061	118 
2062	152 
2063	113 
2064	78 
2065	123 
2066	153 
2067	88 
2068	18 
2069	10 
2070	103 
2071	63 
2072	61 
2073	59 
2074	68 
2075	149 
2076	96 
2077	24 
2078	95 
2079	119 
2080	86 
2081	88 
2082	46 
2083	104 
2084	148 
2085	108 
2086	97 
2087	69 
2088	112 
2089	44 
2090	89 
2091	107 
2092	95 
2093	1 
2094	144 
2095	38 
2096	60 
2097	18 
2098	60 
2099	79 
2100	35 
2101	107 
2102	145 
2103	97 
2104	125 
2105	125 
2106	104 
2107	6 
2108	116 
2109	27 
2110	94 
2111	104 
2112	120 
2113	19 
2114	91 
2115	18 
2116	118 
2117	89 
2118	103 
2119	80 
2120	1 
2121	43 
2122	8 
2123	112 
2124	21 
2125	93 
2126	157 
2127	49 
2128	63 
2129	28 
2130	159 
2131	135 
2132	132 
2133	19 
2134	151 
2135	148 
2136	62 
2137	138 
2138	60 
2139	4 
2140	147 
2141	55 
2142	17 
2143	29 
2144	3 
2145	87 
2146	92 
2147	74 
2148	12 
2149	144 
2150	158 
2151	99 
2152	39 
2153	65 
2154	1 
2155	15 
2156	114 
2157	42 
2158	138 
2159	124 
2160	32 
2161	98 
2162	150 
2163	84 
2164	106 
2165	110 
2166	124 
2167	17 
2168	113 
2169	141 
2170	59 
2171	134 
2172	46 
2173	104 
2174	14 
2175	99 
2176	155 
2177	56 
2178	8 
2179	84 
2180	142 
2181	10 
2182	38 
2183	92 
2184	91 
2185	85 
2186	132 
2187	153 
2188	39 
2189	121 
2190	18 
2191	110 
2192	122 
2193	53 
2194	15 
2195	119 
2196	16 
2197	64 
2198	99 
2199	98 
2200	74 
2201	96 
2202	64 
2203	23 
2204	70 
2205	64 
2206	111 
2207	31 
2208	71 
2209	87 
2210	20 
2211	126 
2212	92 
2213	30 
2214	81 
2215	35 
2216	78 
2217	119 
2218	131 
2219	17 
2220	42 
2221	142 
2222	88 
2223	45 
2224	101 
2225	132 
2226	114 
2227	21 
2228	140 
2229	61 
2230	15 
2231	46 
2232	100 
2233	9 
2234	143 
2235	90 
2236	42 
2237	110 
2238	31 
2239	20 
2240	20 
2241	49 
2242	12 
2243	150 
2244	122 
2245	42 
2246	69 
2247	91 
2248	42 
2249	38 
2250	132 
2251	138 
2252	50 
2253	98 
2254	75 
2255	20 
2256	118 
2257	110 
2258	75 
2259	123 
2260	132 
2261	73 
2262	153 
2263	100 
2264	130 
2265	48 
2266	36 
2267	50 
2268	6 
2269	135 
2270	26 
2271	145 
2272	5 
2273	157 
2274	36 
2275	125 
2276	35 
2277	120 
2278	33 
2279	131 
2280	11 
2281	106 
2282	103 
2283	87 
2284	138 
2285	139 
2286	124 
2287	130 
2288	98 
2289	11 
2290	9 
2291	49 
2292	121 
2293	97 
2294	133 
2295	108 
2296	94 
2297	16 
2298	56 
2299	73 
2300	131 
2301	4 
2302	123 
2303	76 
2304	91 
2305	67 
2306	23 
2307	131 
2308	26 
2309	145 
2310	126 
2311	23 
2312	55 
2313	126 
2314	124 
2315	107 
2316	136 
2317	2 
2318	121 
2319	6 
2320	91 
2321	36 
2322	108 
2323	8 
2324	133 
2325	96 
2326	19 
2327	108 
2328	7 
2329	34 
2330	88 
2331	115 
2332	37 
2333	100 
2334	137 
2335	144 
2336	145 
2337	44 
2338	65 
2339	60 
2340	159 
2341	73 
2342	148 
2343	106 
2344	106 
2345	23 
2346	124 
2347	16 
2348	147 
2349	22 
2350	106 
2351	47 
2352	159 
2353	56 
2354	87 
2355	38 
2356	119 
2357	55 
2358	45 
2359	93 
2360	13 
2361	9 
2362	113 
2363	21 
2364	107 
2365	88 
2366	39 
2367	141 
2368	157 
2369	33 
2370	108 
2371	105 
2372	31 
2373	24 
2374	12 
2375	120 
2376	98 
2377	74 
2378	81 
2379	83 
2380	156 
2381	35 
2382	28 
2383	102 
2384	30 
2385	32 
2386	58 
2387	98 
2388	63 
2389	56 
2390	32 
2391	65 
2392	50 
2393	80 
2394	104 
2395	7 
2396	52 
2397	139 
2398	89 
2399	14 
2400	25 
2401	3 
2402	154 
2403	110 
2404	140 
2405	7 
2406	35 
2407	101 
2408	138 
2409	68 
2410	56 
2411	47 
2412	145 
2413	35 
2414	110 
2415	76 
2416	142 
2417	78 
2418	122 
2419	23 
2420	19 
2421	131 
2422	16 
2423	8 
2424	50 
2425	55 
2426	45 
2427	124 
2428	44 
2429	40 
2430	55 
2431	8 
2432	41 
2433	80 
2434	86 
2435	30 
2436	10 
2437	17 
2438	130 
2439	149 
2440	151 
2441	63 
2442	120 
2443	126 
2444	28 
2445	7 
2446	114 
2447	125 
2448	101 
2449	121 
2450	123 
2451	86 
2452	46 
2453	7 
2454	6 
2455	94 
2456	27 
2457	59 
2458	2 
2459	24 
2460	88 
2461	1 
2462	38 
2463	81 
2464	77 
2465	107 
2466	11 
2467	21 
2468	142 
2469	58 
2470	53 
2471	61 
2472	106 
2473	95 
2474	110 
2475	76 
2476	135 
2477	154 
2478	77 
2479	81 
2480	33 
2481	69 
2482	79 
2483	107 
2484	59 
2485	18 
2486	82 
2487	100 
2488	42 
2489	76 
2490	5 
2491	152 
2492	83 
2493	107 
2494	144 
2495	72 
2496	39 
2497	16 
2498	153 
2499	145 
2500	109 
2501	64 
2502	81 
2503	86 
2504	158 
2505	150 
2506	103 
2507	112 
2508	131 
2509	55 
2510	34 
2511	1 
2512	155 
2513	80 
2514	123 
2515	56 
2516	43 
2517	88 
2518	114 
2519	38 
2520	83 
2521	30 
2522	64 
2523	104 
2524	158 
2525	147 
2526	152 
2527	123 
2528	108 
2529	74 
2530	139 
2531	21 
2532	107 
2533	64 
2534	21 
2535	46 
2536	61 
2537	41 
2538	88 
2539	59 
2540	103 
2541	150 
2542	159 
2543	6 
2544	22 
2545	129 
2546	55 
2547	120 
2548	22 
2549	116 
2550	141 
2551	49 
2552	153 
2553	16 
2554	150 
2555	53 
2556	14 
2557	26 
2558	122 
2559	21 
2560	25 
2561	129 
2562	54 
2563	136 
2564	103 
2565	20 
2566	139 
2567	91 
2568	43 
2569	153 
2570	86 
2571	13 
2572	22 
2573	152 
2574	47 
2575	98 
2576	25 
2577	59 
2578	8 
2579	104 
2580	98 
2581	40 
2582	106 
2583	4 
2584	62 
2585	150 
2586	25 
2587	137 
2588	42 
2589	18 
2590	127 
2591	26 
2592	20 
2593	80 
2594	89 
2595	89 
2596	110 
2597	2 
2598	141 
2599	153 
2600	143 
2601	49 
2602	127 
2603	156 
2604	53 
2605	134 
2606	33 
2607	30 
2608	147 
2609	27 
2610	112 
2611	36 
2612	11 
2613	79 
2614	76 
2615	118 
2616	41 
2617	106 
2618	151 
2619	19 
2620	79 
2621	88 
2622	158 
2623	157 
2624	62 
2625	35 
2626	107 
2627	39 
2628	155 
2629	117 
2630	31 
2631	102 
2632	97 
2633	98 
2634	158 
2635	137 
2636	123 
2637	74 
2638	2 
2639	68 
2640	76 
2641	88 
2642	93 
2643	111 
2644	116 
2645	56 
2646	133 
2647	94 
2648	150 
2649	9 
2650	11 
2651	8 
2652	147 
2653	154 
2654	109 
2655	62 
2656	4 
2657	109 
2658	88 
2659	59 
2660	157 
2661	147 
2662	142 
2663	26 
2664	154 
2665	78 
2666	87 
2667	102 
2668	106 
2669	146 
2670	90 
2671	138 
2672	100 
2673	94 
2674	48 
2675	149 
2676	57 
2677	152 
2678	77 
2679	33 
2680	66 
2681	105 
2682	4 
2683	39 
2684	89 
2685	57 
2686	128 
2687	117 
2688	76 
2689	83 
2690	143 
2691	54 
2692	69 
2693	116 
2694	126 
2695	71 
2696	140 
2697	65 
2698	34 
2699	109 
2700	11 
2701	153 
2702	148 
2703	102 
2704	119 
2705	86 
2706	48 
2707	117 
2708	30 
2709	16 
2710	145 
2711	38 
2712	141 
2713	143 
2714	87 
2715	26 
2716	67 
2717	57 
2718	97 
2719	3 
2720	34 
2721	79 
2722	10 
2723	58 
2724	63 
2725	85 
2726	110 
2727	64 
2728	20 
2729	110 
2730	72 
2731	96 
2732	52 
2733	74 
2734	119 
2735	121 
2736	68 
2737	29 
2738	3 
2739	92 
2740	125 
2741	64 
2742	85 
2743	150 
2744	51 
2745	108 
2746	110 
2747	125 
2748	40 
2749	151 
2750	116 
2751	41 
2752	59 
2753	68 
2754	150 
2755	95 
2756	61 
2757	64 
2758	150 
2759	110 
2760	130 
2761	65 
2762	84 
2763	59 
2764	135 
2765	129 
2766	92 
2767	5 
2768	41 
2769	86 
2770	125 
2771	39 
2772	92 
2773	77 
2774	112 
2775	44 
2776	138 
2777	117 
2778	5 
2779	83 
2780	55 
2781	89 
2782	139 
2783	79 
2784	140 
2785	67 
2786	27 
2787	52 
2788	116 
2789	9 
2790	141 
2791	79 
2792	29 
2793	136 
2794	40 
2795	65 
2796	144 
2797	124 
2798	134 
2799	119 
2800	29 
2801	107 
2802	53 
2803	92 
2804	12 
2805	107 
2806	125 
2807	12 
2808	61 
2809	115 
2810	61 
2811	11 
2812	105 
2813	66 
2814	158 
2815	131 
2816	108 
2817	87 
2818	151 
2819	10 
2820	124 
2821	132 
2822	13 
2823	123 
2824	68 
2825	147 
2826	125 
2827	136 
2828	83 
2829	70 
2830	79 
2831	12 
2832	80 
2833	111 
2834	54 
2835	38 
2836	21 
2837	127 
2838	109 
2839	144 
2840	149 
2841	129 
2842	61 
2843	81 
2844	113 
2845	32 
2846	86 
2847	14 
2848	90 
2849	117 
2850	49 
2851	139 
2852	44 
2853	14 
2854	134 
2855	154 
2856	154 
2857	73 
2858	82 
2859	61 
2860	63 
2861	53 
2862	55 
2863	46 
2864	68 
2865	30 
2866	122 
2867	117 
2868	134 
2869	134 
2870	17 
2871	90 
2872	79 
2873	9 
2874	4 
2875	104 
2876	36 
2877	79 
2878	84 
2879	64 
2880	129 
2881	48 
2882	57 
2883	92 
2884	144 
2885	95 
2886	71 
2887	127 
2888	106 
2889	61 
2890	83 
2891	136 
2892	35 
2893	97 
2894	52 
2895	144 
2896	13 
2897	99 
2898	115 
2899	134 
2900	8 
2901	107 
2902	144 
2903	159 
2904	41 
2905	154 
2906	120 
2907	3 
2908	88 
2909	140 
2910	83 
2911	102 
2912	96 
2913	80 
2914	145 
2915	156 
2916	97 
2917	119 
2918	28 
2919	10 
2920	95 
2921	102 
2922	63 
2923	1 
2924	143 
2925	59 
2926	111 
2927	77 
2928	21 
2929	71 
2930	24 
2931	141 
2932	94 
2933	111 
2934	14 
2935	54 
2936	132 
2937	87 
2938	135 
2939	93 
2940	109 
2941	69 
2942	46 
2943	150 
2944	146 
2945	138 
2946	117 
2947	36 
2948	116 
2949	28 
2950	127 
2951	54 
2952	39 
2953	41 
2954	34 
2955	134 
2956	98 
2957	1 
2958	60 
2959	40 
2960	49 
2961	88 
2962	67 
2963	88 
2964	70 
2965	154 
2966	149 
2967	157 
2968	31 
2969	10 
2970	58 
2971	31 
2972	81 
2973	156 
2974	154 
2975	99 
2976	112 
2977	4 
2978	101 
2979	25 
2980	71 
2981	100 
2982	125 
2983	107 
2984	121 
2985	136 
2986	105 
2987	62 
2988	91 
2989	67 
2990	59 
2991	80 
2992	24 
2993	118 
2994	23 
2995	25 
2996	105 
2997	52 
2998	89 
2999	130 
3000	154 
3001	114 
3002	89 
3003	91 
3004	157 
3005	70 
3006	61 
3007	101 
3008	148 
3009	50 
3010	35 
3011	151 
3012	153 
3013	17 
3014	104 
3015	141 
3016	153 
3017	83 
3018	73 
3019	116 
3020	18 
3021	75 
3022	115 
3023	88 
3024	89 
3025	147 
3026	56 
3027	138 
3028	76 
3029	28 
3030	64 
3031	138 
3032	72 
3033	44 
3034	61 
3035	135 
3036	45 
3037	125 
3038	140 
3039	112 
3040	15 
3041	33 
3042	28 
3043	94 
3044	156 
3045	5 
3046	28 
3047	107 
3048	1 
3049	141 
3050	40 
3051	154 
3052	23 
3053	53 
3054	86 
3055	15 
3056	50 
3057	19 
3058	88 
3059	110 
3060	55 
3061	83 
3062	83 
3063	121 
3064	34 
3065	122 
3066	143 
3067	87 
3068	94 
3069	57 
3070	142 
3071	50 
3072	38 
3073	149 
3074	55 
3075	41 
3076	26 
3077	95 
3078	101 
3079	50 
3080	133 
3081	67 
3082	97 
3083	157 
3084	135 
3085	116 
3086	57 
3087	113 
3088	46 
3089	131 
3090	128 
3091	14 
3092	126 
3093	105 
3094	84 
3095	39 
3096	114 
3097	121 
3098	15 
3099	54 
3100	77 
3101	17 
3102	39 
3103	3 
3104	71 
3105	123 
3106	139 
3107	49 
3108	42 
3109	114 
3110	40 
3111	25 
3112	97 
3113	13 
3114	43 
3115	145 
3116	65 
3117	13 
3118	81 
3119	156 
3120	51 
3121	4 
3122	77 
3123	145 
3124	57 
3125	54 
3126	145 
3127	1 
3128	75 
3129	140 
3130	106 
3131	77 
3132	119 
3133	119 
3134	136 
3135	41 
3136	155 
3137	46 
3138	146 
3139	117 
3140	91 
3141	105 
3142	20 
3143	106 
3144	8 
3145	103 
3146	144 
3147	47 
3148	58 
3149	156 
3150	122 
3151	69 
3152	70 
3153	56 
3154	127 
3155	140 
3156	152 
3157	50 
3158	113 
3159	9 
3160	56 
3161	22 
3162	84 
3163	38 
3164	139 
3165	114 
3166	135 
3167	21 
3168	23 
3169	154 
3170	110 
3171	54 
3172	20 
3173	97 
3174	59 
3175	153 
3176	87 
3177	20 
3178	45 
3179	143 
3180	64 
3181	44 
3182	141 
3183	82 
3184	117 
3185	132 
3186	106 
3187	60 
3188	148 
3189	44 
3190	75 
3191	51 
3192	145 
3193	52 
3194	144 
3195	38 
3196	92 
3197	61 
3198	97 
3199	22 
3200	81 
3201	128 
3202	96 
3203	7 
3204	32 
3205	75 
3206	5 
3207	82 
3208	86 
3209	80 
3210	115 
3211	117 
3212	108 
3213	98 
3214	32 
3215	15 
3216	96 
3217	136 
3218	32 
3219	157 
3220	106 
3221	86 
3222	138 
3223	149 
3224	136 
3225	52 
3226	79 
3227	36 
3228	121 
3229	109 
3230	106 
3231	136 
3232	65 
3233	41 
3234	56 
3235	156 
3236	3 
3237	101 
3238	129 
3239	57 
3240	34 
3241	125 
3242	5 
3243	77 
3244	112 
3245	4 
3246	91 
3247	64 
3248	123 
3249	112 
3250	90 
3251	24 
3252	1 
3253	85 
3254	79 
3255	93 
3256	74 
3257	12 
3258	20 
3259	24 
3260	127 
3261	20 
3262	19 
3263	152 
3264	59 
3265	32 
3266	146 
3267	95 
3268	156 
3269	34 
3270	41 
3271	33 
3272	94 
3273	150 
3274	35 
3275	54 
3276	12 
3277	121 
3278	126 
3279	42 
3280	134 
3281	71 
3282	34 
3283	119 
3284	78 
3285	32 
3286	108 
3287	16 
3288	142 
3289	134 
3290	112 
3291	39 
3292	112 
3293	131 
3294	127 
3295	89 
3296	46 
3297	11 
3298	98 
3299	9 
3300	108 
3301	117 
3302	29 
3303	137 
3304	155 
3305	158 
3306	94 
3307	103 
3308	55 
3309	132 
3310	127 
3311	22 
3312	124 
3313	151 
3314	154 
3315	64 
3316	112 
3317	124 
3318	75 
3319	29 
3320	37 
3321	81 
3322	50 
3323	81 
3324	62 
3325	146 
3326	49 
3327	49 
3328	65 
3329	131 
3330	91 
3331	131 
3332	86 
3333	14 
3334	88 
3335	34 
3336	59 
3337	73 
3338	110 
3339	157 
3340	154 
3341	159 
3342	45 
3343	128 
3344	141 
3345	10 
3346	146 
3347	61 
3348	152 
3349	135 
3350	83 
3351	114 
3352	43 
3353	94 
3354	91 
3355	55 
3356	101 
3357	154 
3358	158 
3359	99 
3360	30 
3361	48 
3362	125 
3363	90 
3364	126 
3365	82 
3366	78 
3367	56 
3368	103 
3369	50 
3370	16 
3371	125 
3372	108 
3373	141 
3374	74 
3375	5 
3376	139 
3377	107 
3378	9 
3379	110 
3380	77 
3381	119 
3382	103 
3383	25 
3384	71 
3385	135 
3386	46 
3387	95 
3388	65 
3389	147 
3390	50 
3391	111 
3392	34 
3393	152 
3394	125 
3395	97 
3396	121 
3397	117 
3398	87 
3399	25 
3400	26 
3401	8 
3402	88 
3403	45 
3404	108 
3405	137 
3406	85 
3407	49 
3408	41 
3409	110 
3410	119 
3411	94 
3412	56 
3413	41 
3414	52 
3415	89 
3416	111 
3417	124 
3418	46 
3419	148 
3420	64 
3421	71 
3422	138 
3423	81 
3424	122 
3425	56 
3426	26 
3427	114 
3428	153 
3429	88 
3430	24 
3431	136 
3432	62 
3433	111 
3434	91 
3435	36 
3436	81 
3437	157 
3438	67 
3439	51 
3440	108 
3441	82 
3442	87 
3443	106 
3444	124 
3445	111 
3446	45 
3447	135 
3448	15 
3449	49 
3450	23 
3451	120 
3452	143 
3453	76 
3454	51 
3455	134 
3456	142 
3457	19 
3458	107 
3459	76 
3460	57 
3461	9 
3462	154 
3463	1 
3464	112 
3465	73 
3466	9 
3467	132 
3468	23 
3469	32 
3470	22 
3471	33 
3472	104 
3473	93 
3474	15 
3475	119 
3476	128 
3477	74 
3478	52 
3479	15 
3480	21 
3481	139 
3482	132 
3483	3 
3484	56 
3485	158 
3486	66 
3487	49 
3488	116 
3489	117 
3490	13 
3491	68 
3492	146 
3493	144 
3494	145 
3495	4 
3496	11 
3497	11 
3498	29 
3499	10 
3500	134 
3501	137 
3502	159 
3503	101 
3504	156 
3505	106 
3506	145 
3507	154 
3508	11 
3509	131 
3510	46 
3511	159 
3512	101 
3513	141 
3514	61 
3515	157 
3516	20 
3517	11 
3518	74 
3519	40 
3520	71 
3521	38 
3522	153 
3523	24 
3524	64 
3525	157 
3526	76 
3527	23 
3528	51 
3529	27 
3530	65 
3531	118 
3532	129 
3533	70 
3534	129 
3535	13 
3536	54 
3537	16 
3538	101 
3539	105 
3540	20 
3541	96 
3542	30 
3543	100 
3544	92 
3545	132 
3546	103 
3547	112 
3548	125 
3549	119 
3550	63 
3551	42 
3552	152 
3553	119 
3554	17 
3555	140 
3556	138 
3557	122 
3558	124 
3559	121 
3560	4 
3561	10 
3562	136 
3563	34 
3564	140 
3565	57 
3566	89 
3567	6 
3568	149 
3569	27 
3570	5 
3571	94 
3572	48 
3573	64 
3574	17 
3575	151 
3576	50 
3577	32 
3578	51 
3579	104 
3580	45 
3581	66 
3582	10 
3583	87 
3584	73 
3585	117 
3586	144 
3587	52 
3588	59 
3589	29 
3590	19 
3591	92 
3592	41 
3593	52 
3594	71 
3595	112 
3596	94 
3597	77 
3598	45 
3599	119 
3600	11 
3601	60 
3602	116 
3603	131 
3604	65 
3605	112 
3606	7 
3607	114 
3608	152 
3609	146 
3610	88 
3611	56 
3612	63 
3613	49 
3614	149 
3615	73 
3616	34 
3617	54 
3618	76 
3619	63 
3620	88 
3621	159 
3622	84 
3623	41 
3624	109 
3625	97 
3626	149 
3627	31 
3628	77 
3629	89 
3630	113 
3631	93 
3632	126 
3633	143 
3634	43 
3635	131 
3636	24 
3637	117 
3638	110 
3639	47 
3640	71 
3641	142 
3642	50 
3643	16 
3644	16 
3645	24 
3646	25 
3647	15 
3648	106 
3649	27 
3650	90 
3651	100 
3652	40 
3653	28 
3654	78 
3655	112 
3656	143 
3657	78 
3658	146 
3659	1 
3660	50 
3661	148 
3662	24 
3663	94 
3664	78 
3665	64 
3666	93 
3667	79 
3668	6 
3669	147 
3670	146 
3671	74 
3672	142 
3673	114 
3674	115 
3675	130 
3676	56 
3677	125 
3678	68 
3679	148 
3680	8 
3681	125 
3682	117 
3683	109 
3684	20 
3685	11 
3686	19 
3687	54 
3688	35 
3689	153 
3690	151 
3691	113 
3692	141 
3693	12 
3694	90 
3695	149 
3696	123 
3697	128 
3698	26 
3699	57 
3700	159 
3701	19 
3702	44 
3703	44 
3704	69 
3705	77 
3706	106 
3707	155 
3708	68 
3709	25 
3710	14 
3711	118 
3712	77 
3713	57 
3714	32 
3715	142 
3716	127 
3717	21 
3718	139 
3719	101 
3720	76 
3721	52 
3722	88 
3723	37 
3724	120 
3725	90 
3726	14 
3727	122 
3728	150 
3729	159 
3730	146 
3731	47 
3732	9 
3733	88 
3734	138 
3735	3 
3736	65 
3737	45 
3738	71 
3739	103 
3740	134 
3741	119 
3742	21 
3743	119 
3744	101 
3745	96 
3746	28 
3747	119 
3748	133 
3749	19 
3750	83 
3751	84 
3752	66 
3753	15 
3754	157 
3755	114 
3756	142 
3757	65 
3758	79 
3759	52 
3760	43 
3761	134 
3762	35 
3763	93 
3764	98 
3765	102 
3766	98 
3767	55 
3768	130 
3769	135 
3770	46 
3771	48 
3772	70 
3773	117 
3774	150 
3775	117 
3776	38 
3777	97 
3778	36 
3779	4 
3780	152 
3781	95 
3782	154 
3783	158 
3784	130 
3785	82 
3786	80 
3787	151 
3788	17 
3789	152 
3790	115 
3791	99 
3792	88 
3793	74 
3794	153 
3795	14 
3796	128 
3797	16 
3798	52 
3799	24 
3800	59 
3801	94 
3802	119 
3803	74 
3804	56 
3805	116 
3806	2 
3807	89 
3808	128 
3809	54 
3810	113 
3811	151 
3812	88 
3813	42 
3814	152 
3815	47 
3816	152 
3817	7 
3818	147 
3819	74 
3820	89 
3821	151 
3822	80 
3823	105 
3824	99 
3825	41 
3826	109 
3827	155 
3828	140 
3829	43 
3830	70 
3831	20 
3832	27 
3833	133 
3834	131 
3835	47 
3836	16 
3837	29 
3838	32 
3839	159 
3840	5 
3841	87 
3842	63 
3843	126 
3844	46 
3845	142 
3846	104 
3847	18 
3848	124 
3849	55 
3850	124 
3851	127 
3852	101 
3853	112 
3854	112 
3855	36 
3856	91 
3857	126 
3858	145 
3859	25 
3860	47 
3861	151 
3862	148 
3863	73 
3864	136 
3865	124 
3866	37 
3867	96 
3868	69 
3869	134 
3870	130 
3871	113 
3872	128 
3873	130 
3874	146 
3875	67 
3876	147 
3877	96 
3878	72 
3879	30 
3880	77 
3881	19 
3882	30 
3883	142 
3884	142 
3885	48 
3886	142 
3887	42 
3888	93 
3889	43 
3890	136 
3891	36 
3892	2 
3893	28 
3894	75 
3895	136 
3896	89 
3897	104 
3898	8 
3899	112 
3900	42 
3901	124 
3902	88 
3903	49 
3904	134 
3905	15 
3906	42 
3907	47 
3908	140 
3909	30 
3910	104 
3911	153 
3912	83 
3913	35 
3914	68 
3915	69 
3916	137 
3917	49 
3918	120 
3919	119 
3920	21 
3921	72 
3922	153 
3923	154 
3924	2 
3925	58 
3926	87 
3927	85 
3928	39 
3929	38 
3930	16 
3931	85 
3932	11 
3933	128 
3934	16 
3935	19 
3936	114 
3937	123 
3938	155 
3939	67 
3940	147 
3941	25 
3942	33 
3943	26 
3944	130 
3945	91 
3946	12 
3947	65 
3948	129 
3949	102 
3950	26 
3951	88 
3952	124 
3953	12 
3954	68 
3955	128 
3956	64 
3957	101 
3958	53 
3959	51 
3960	158 
3961	158 
3962	52 
3963	60 
3964	71 
3965	14 
3966	85 
3967	51 
3968	62 
3969	144 
3970	34 
3971	15 
3972	1 
3973	143 
3974	3 
3975	137 
3976	61 
3977	77 
3978	58 
3979	122 
3980	91 
3981	18 
3982	158 
3983	87 
3984	84 
3985	26 
3986	53 
3987	152 
3988	2 
3989	153 
3990	147 
3991	141 
3992	56 
3993	63 
3994	136 
3995	98 
3996	156 
3997	94 
3998	115 
3999	114 
4000	157 
4001	139 
4002	16 
4003	138 
4004	44 
4005	133 
4006	77 
4007	41 
4008	63 
4009	134 
4010	53 
4011	121 
4012	109 
4013	1 
4014	55 
4015	42 
4016	102 
4017	30 
4018	73 
4019	50 
4020	97 
4021	62 
4022	25 
4023	23 
4024	85 
4025	153 
4026	75 
4027	28 
4028	154 
4029	101 
4030	79 
4031	44 
4032	99 
4033	152 
4034	134 
4035	57 
4036	154 
4037	26 
4038	76 
4039	12 
4040	68 
4041	14 
4042	34 
4043	98 
4044	150 
4045	125 
4046	46 
4047	39 
4048	134 
4049	132 
4050	55 
4051	35 
4052	67 
4053	5 
4054	113 
4055	96 
4056	155 
4057	87 
4058	77 
4059	87 
4060	34 
4061	69 
4062	110 
4063	22 
4064	106 
4065	110 
4066	33 
4067	105 
4068	29 
4069	53 
4070	87 
4071	88 
4072	57 
4073	136 
4074	75 
4075	131 
4076	110 
4077	42 
4078	81 
4079	149 
4080	90 
4081	96 
4082	74 
4083	29 
4084	124 
4085	94 
4086	156 
4087	59 
4088	122 
4089	74 
4090	17 
4091	32 
4092	94 
4093	128 
4094	127 
4095	157 
4096	106 
4097	86 
4098	72 
4099	98 
4100	143 
4101	107 
4102	75 
4103	50 
4104	2 
4105	69 
4106	74 
4107	96 
4108	58 
4109	108 
4110	19 
4111	101 
4112	103 
4113	24 
4114	148 
4115	35 
4116	6 
4117	35 
4118	131 
4119	117 
4120	7 
4121	119 
4122	117 
4123	78 
4124	57 
4125	115 
4126	94 
4127	131 
4128	79 
4129	84 
4130	91 
4131	1 
4132	56 
4133	65 
4134	129 
4135	74 
4136	32 
4137	135 
4138	117 
4139	90 
4140	5 
4141	153 
4142	54 
4143	155 
4144	122 
4145	111 
4146	155 
4147	81 
4148	25 
4149	26 
4150	102 
4151	78 
4152	33 
4153	123 
4154	122 
4155	59 
4156	140 
4157	29 
4158	85 
4159	113 
4160	53 
4161	87 
4162	65 
4163	57 
4164	108 
4165	112 
4166	39 
4167	53 
4168	134 
4169	67 
4170	70 
4171	156 
4172	114 
4173	94 
4174	77 
4175	154 
4176	53 
4177	122 
4178	124 
4179	38 
4180	35 
4181	42 
4182	70 
4183	5 
4184	89 
4185	126 
4186	80 
4187	132 
4188	106 
4189	146 
4190	27 
4191	17 
4192	78 
4193	41 
4194	5 
4195	19 
4196	140 
4197	5 
4198	49 
4199	81 
4200	126 
4201	17 
4202	38 
4203	104 
4204	58 
4205	123 
4206	35 
4207	54 
4208	70 
4209	131 
4210	144 
4211	59 
4212	28 
4213	5 
4214	18 
4215	15 
4216	89 
4217	114 
4218	151 
4219	40 
4220	20 
4221	35 
4222	88 
4223	69 
4224	12 
4225	125 
4226	157 
4227	15 
4228	154 
4229	38 
4230	56 
4231	35 
4232	126 
4233	77 
4234	94 
4235	44 
4236	71 
4237	45 
4238	115 
4239	7 
4240	156 
4241	145 
4242	96 
4243	20 
4244	125 
4245	140 
4246	123 
4247	133 
4248	16 
4249	13 
4250	77 
4251	19 
4252	37 
4253	84 
4254	106 
4255	74 
4256	28 
4257	132 
4258	42 
4259	9 
4260	137 
4261	67 
4262	134 
4263	29 
4264	143 
4265	156 
4266	62 
4267	61 
4268	117 
4269	62 
4270	55 
4271	75 
4272	136 
4273	129 
4274	126 
4275	48 
4276	96 
4277	11 
4278	156 
4279	143 
4280	28 
4281	40 
4282	137 
4283	111 
4284	52 
4285	148 
4286	22 
4287	41 
4288	126 
4289	60 
4290	107 
4291	42 
4292	37 
4293	120 
4294	86 
4295	28 
4296	113 
4297	81 
4298	137 
4299	56 
4300	59 
4301	24 
4302	48 
4303	22 
4304	98 
4305	112 
4306	116 
4307	29 
4308	116 
4309	107 
4310	96 
4311	81 
4312	78 
4313	47 
4314	67 
4315	44 
4316	93 
4317	84 
4318	8 
4319	92 
4320	36 
4321	67 
4322	33 
4323	38 
4324	81 
4325	42 
4326	82 
4327	26 
4328	46 
4329	15 
4330	13 
4331	124 
4332	14 
4333	52 
4334	108 
4335	58 
4336	147 
4337	97 
4338	134 
4339	123 
4340	79 
4341	65 
4342	62 
4343	100 
4344	111 
4345	133 
4346	44 
4347	108 
4348	103 
4349	30 
4350	110 
4351	85 
4352	140 
4353	44 
4354	65 
4355	114 
4356	143 
4357	89 
4358	63 
4359	95 
4360	54 
4361	112 
4362	143 
4363	76 
4364	82 
4365	55 
4366	132 
4367	79 
4368	100 
4369	6 
4370	54 
4371	76 
4372	131 
4373	98 
4374	77 
4375	34 
4376	11 
4377	112 
4378	133 
4379	126 
4380	30 
4381	4 
4382	80 
4383	94 
4384	138 
4385	31 
4386	11 
4387	144 
4388	41 
4389	65 
4390	64 
4391	133 
4392	85 
4393	154 
4394	66 
4395	126 
4396	102 
4397	113 
4398	46 
4399	51 
4400	59 
4401	127 
4402	126 
4403	145 
4404	159 
4405	123 
4406	61 
4407	154 
4408	1 
4409	80 
4410	1 
4411	17 
4412	103 
4413	115 
4414	39 
4415	59 
4416	153 
4417	107 
4418	63 
4419	65 
4420	17 
4421	31 
4422	109 
4423	105 
4424	101 
4425	35 
4426	93 
4427	120 
4428	148 
4429	144 
4430	61 
4431	88 
4432	134 
4433	144 
4434	18 
4435	84 
4436	106 
4437	93 
4438	48 
4439	2 
4440	147 
4441	76 
4442	80 
4443	151 
4444	67 
4445	77 
4446	36 
4447	57 
4448	137 
4449	46 
4450	1 
4451	50 
4452	24 
4453	136 
4454	91 
4455	126 
4456	1 
4457	6 
4458	141 
4459	143 
4460	26 
4461	30 
4462	101 
4463	89 
4464	107 
4465	53 
4466	56 
4467	116 
4468	114 
4469	24 
4470	125 
4471	12 
4472	62 
4473	60 
4474	17 
4475	32 
4476	93 
4477	75 
4478	117 
4479	114 
4480	68 
4481	39 
4482	92 
4483	65 
4484	37 
4485	36 
4486	15 
4487	64 
4488	34 
4489	92 
4490	24 
4491	110 
4492	46 
4493	75 
4494	36 
4495	89 
4496	122 
4497	83 
4498	85 
4499	99 
4500	18 
4501	48 
4502	140 
4503	157 
4504	32 
4505	24 
4506	24 
4507	33 
4508	9 
4509	65 
4510	152 
4511	146 
4512	101 
4513	29 
4514	64 
4515	38 
4516	70 
4517	106 
4518	123 
4519	89 
4520	96 
4521	120 
4522	68 
4523	101 
4524	103 
4525	7 
4526	31 
4527	121 
4528	19 
4529	26 
4530	33 
4531	141 
4532	66 
4533	110 
4534	62 
4535	51 
4536	109 
4537	119 
4538	25 
4539	155 
4540	106 
4541	34 
4542	144 
4543	156 
4544	87 
4545	45 
4546	63 
4547	119 
4548	88 
4549	14 
4550	32 
4551	27 
4552	152 
4553	1 
4554	67 
4555	94 
4556	85 
4557	37 
4558	111 
4559	46 
4560	155 
4561	118 
4562	154 
4563	37 
4564	79 
4565	64 
4566	118 
4567	119 
4568	32 
4569	27 
4570	139 
4571	39 
4572	44 
4573	75 
4574	109 
4575	114 
4576	42 
4577	118 
4578	143 
4579	143 
4580	148 
4581	20 
4582	63 
4583	16 
4584	122 
4585	76 
4586	82 
4587	9 
4588	15 
4589	134 
4590	73 
4591	140 
4592	158 
4593	73 
4594	28 
4595	123 
4596	97 
4597	139 
4598	136 
4599	157 
4600	75 
4601	140 
4602	144 
4603	72 
4604	68 
4605	95 
4606	16 
4607	65 
4608	81 
4609	143 
4610	113 
4611	127 
4612	102 
4613	25 
4614	62 
4615	59 
4616	84 
4617	77 
4618	49 
4619	125 
4620	124 
4621	70 
4622	69 
4623	95 
4624	118 
4625	102 
4626	22 
4627	8 
4628	131 
4629	154 
4630	80 
4631	8 
4632	28 
4633	36 
4634	118 
4635	82 
4636	121 
4637	75 
4638	156 
4639	125 
4640	89 
4641	147 
4642	6 
4643	146 
4644	50 
4645	12 
4646	88 
4647	108 
4648	148 
4649	107 
4650	115 
4651	102 
4652	149 
4653	26 
4654	2 
4655	118 
4656	72 
4657	39 
4658	77 
4659	62 
4660	62 
4661	27 
4662	76 
4663	111 
4664	120 
4665	25 
4666	27 
4667	62 
4668	5 
4669	77 
4670	140 
4671	101 
4672	74 
4673	105 
4674	14 
4675	85 
4676	64 
4677	151 
4678	154 
4679	7 
4680	5 
4681	91 
4682	69 
4683	69 
4684	78 
4685	62 
4686	29 
4687	47 
4688	2 
4689	152 
4690	64 
4691	49 
4692	144 
4693	69 
4694	16 
4695	115 
4696	55 
4697	105 
4698	32 
4699	53 
4700	57 
4701	51 
4702	57 
4703	80 
4704	123 
4705	127 
4706	27 
4707	152 
4708	121 
4709	119 
4710	35 
4711	135 
4712	6 
4713	54 
4714	78 
4715	53 
4716	5 
4717	6 
4718	140 
4719	70 
4720	17 
4721	16 
4722	8 
4723	130 
4724	76 
4725	48 
4726	32 
4727	132 
4728	39 
4729	143 
4730	49 
4731	67 
4732	152 
4733	16 
4734	4 
4735	20 
4736	29 
4737	10 
4738	5 
4739	50 
4740	38 
4741	54 
4742	10 
4743	79 
4744	105 
4745	61 
4746	118 
4747	22 
4748	61 
4749	131 
4750	114 
4751	116 
4752	57 
4753	159 
4754	141 
4755	31 
4756	125 
4757	150 
4758	28 
4759	15 
4760	38 
4761	37 
4762	2 
4763	9 
4764	78 
4765	99 
4766	148 
4767	154 
4768	148 
4769	29 
4770	47 
4771	103 
4772	95 
4773	94 
4774	108 
4775	67 
4776	18 
4777	33 
4778	61 
4779	105 
4780	17 
4781	93 
4782	128 
4783	28 
4784	7 
4785	73 
4786	50 
4787	112 
4788	79 
4789	26 
4790	117 
4791	95 
4792	62 
4793	23 
4794	133 
4795	127 
4796	101 
4797	43 
4798	54 
4799	16 
4800	73 
4801	96 
4802	40 
4803	78 
4804	43 
4805	40 
4806	20 
4807	32 
4808	156 
4809	33 
4810	52 
4811	101 
4812	120 
4813	74 
4814	105 
4815	126 
4816	137 
4817	38 
4818	40 
4819	154 
4820	57 
4821	5 
4822	139 
4823	64 
4824	107 
4825	26 
4826	98 
4827	141 
4828	37 
4829	19 
4830	2 
4831	88 
4832	129 
4833	89 
4834	34 
4835	93 
4836	148 
4837	125 
4838	63 
4839	37 
4840	12 
4841	5 
4842	18 
4843	141 
4844	80 
4845	29 
4846	111 
4847	20 
4848	118 
4849	127 
4850	74 
4851	20 
4852	32 
4853	118 
4854	127 
4855	63 
4856	120 
4857	18 
4858	108 
4859	71 
4860	80 
4861	152 
4862	67 
4863	113 
4864	133 
4865	66 
4866	123 
4867	69 
4868	156 
4869	18 
4870	150 
4871	111 
4872	146 
4873	92 
4874	115 
4875	144 
4876	7 
4877	72 
4878	36 
4879	115 
4880	1 
4881	64 
4882	109 
4883	88 
4884	85 
4885	7 
4886	32 
4887	108 
4888	3 
4889	90 
4890	123 
4891	136 
4892	47 
4893	126 
4894	77 
4895	86 
4896	54 
4897	54 
4898	31 
4899	89 
4900	54 
4901	47 
4902	61 
4903	123 
4904	131 
4905	115 
4906	77 
4907	76 
4908	47 
4909	47 
4910	95 
4911	101 
4912	89 
4913	17 
4914	65 
4915	47 
4916	146 
4917	110 
4918	152 
4919	108 
4920	156 
4921	92 
4922	88 
4923	129 
4924	29 
4925	81 
4926	6 
4927	54 
4928	147 
4929	79 
4930	123 
4931	149 
4932	10 
4933	103 
4934	116 
4935	136 
4936	149 
4937	8 
4938	114 
4939	82 
4940	110 
4941	93 
4942	102 
4943	103 
4944	127 
4945	113 
4946	110 
4947	32 
4948	5 
4949	46 
4950	94 
4951	29 
4952	35 
4953	38 
4954	11 
4955	109 
4956	112 
4957	129 
4958	89 
4959	159 
4960	22 
4961	112 
4962	86 
4963	66 
4964	40 
4965	131 
4966	54 
4967	97 
4968	28 
4969	69 
4970	88 
4971	13 
4972	93 
4973	20 
4974	2 
4975	127 
4976	117 
4977	55 
4978	61 
4979	70 
4980	106 
4981	51 
4982	89 
4983	73 
4984	98 
4985	109 
4986	154 
4987	132 
4988	155 
4989	9 
4990	150 
4991	84 
4992	2 
4993	62 
4994	85 
4995	43 
4996	125 
4997	47 
4998	92 
4999	156 
5000	40 
5001	157 
5002	41 
5003	141 
5004	101 
5005	128 
5006	135 
5007	123 
5008	5 
5009	30 
5010	38 
5011	122 
5012	153 
5013	59 
5014	5 
5015	147 
5016	85 
5017	146 
5018	50 
5019	115 
5020	62 
5021	103 
5022	57 
5023	77 
5024	65 
5025	64 
5026	105 
5027	69 
5028	111 
5029	66 
5030	74 
5031	141 
5032	71 
5033	149 
5034	17 
5035	41 
5036	1 
5037	42 
5038	150 
5039	106 
5040	141 
5041	74 
5042	67 
5043	86 
5044	49 
5045	25 
5046	95 
5047	19 
5048	78 
5049	107 
5050	6 
5051	20 
5052	28 
5053	79 
5054	61 
5055	58 
5056	58 
5057	30 
5058	121 
5059	28 
5060	6 
5061	55 
5062	26 
5063	133 
5064	128 
5065	55 
5066	128 
5067	89 
5068	27 
5069	33 
5070	124 
5071	72 
5072	155 
5073	16 
5074	123 
5075	55 
5076	156 
5077	141 
5078	59 
5079	33 
5080	96 
5081	70 
5082	88 
5083	24 
5084	121 
5085	98 
5086	86 
5087	46 
5088	92 
5089	115 
5090	77 
5091	115 
5092	89 
5093	6 
5094	98 
5095	158 
5096	47 
5097	57 
5098	86 
5099	47 
5100	44 
5101	98 
5102	139 
5103	90 
5104	55 
5105	130 
5106	98 
5107	39 
5108	44 
5109	116 
5110	70 
5111	2 
5112	57 
5113	79 
5114	109 
5115	12 
5116	78 
5117	89 
5118	119 
5119	79 
5120	157 
5121	143 
5122	86 
5123	96 
5124	67 
5125	10 
5126	49 
5127	75 
5128	94 
5129	154 
5130	94 
5131	21 
5132	69 
5133	147 
5134	112 
5135	151 
5136	45 
5137	22 
5138	45 
5139	33 
5140	53 
5141	81 
5142	121 
5143	90 
5144	28 
5145	19 
5146	59 
5147	17 
5148	60 
5149	53 
5150	63 
5151	94 
5152	157 
5153	18 
5154	62 
5155	6 
5156	96 
5157	66 
5158	155 
5159	117 
5160	69 
5161	17 
5162	18 
5163	81 
5164	89 
5165	2 
5166	72 
5167	77 
5168	53 
5169	148 
5170	50 
5171	127 
5172	98 
5173	20 
5174	58 
5175	124 
5176	50 
5177	70 
5178	106 
5179	16 
5180	118 
5181	24 
5182	146 
5183	142 
5184	19 
5185	58 
5186	31 
5187	10 
5188	50 
5189	89 
5190	19 
5191	3 
5192	3 
5193	46 
5194	50 
5195	52 
5196	154 
5197	27 
5198	157 
5199	99 
5200	2 
5201	6 
5202	153 
5203	149 
5204	97 
5205	89 
5206	52 
5207	150 
5208	132 
5209	49 
5210	137 
5211	92 
5212	113 
5213	130 
5214	83 
5215	89 
5216	117 
5217	50 
5218	88 
5219	66 
5220	82 
5221	86 
5222	106 
5223	59 
5224	51 
5225	117 
5226	77 
5227	112 
5228	69 
5229	114 
5230	156 
5231	155 
5232	119 
5233	60 
5234	9 
5235	128 
5236	53 
5237	139 
5238	76 
5239	120 
5240	71 
5241	107 
5242	81 
5243	102 
5244	148 
5245	140 
5246	88 
5247	38 
5248	37 
5249	74 
5250	62 
5251	62 
5252	88 
5253	30 
5254	24 
5255	85 
5256	48 
5257	149 
5258	69 
5259	142 
5260	125 
5261	77 
5262	27 
5263	16 
5264	8 
5265	134 
5266	114 
5267	50 
5268	16 
5269	62 
5270	72 
5271	26 
5272	153 
5273	66 
5274	4 
5275	91 
5276	124 
5277	7 
5278	1 
5279	70 
5280	53 
5281	23 
5282	147 
5283	60 
5284	74 
5285	112 
5286	150 
5287	156 
5288	41 
5289	82 
5290	143 
5291	131 
5292	27 
5293	75 
5294	44 
5295	150 
5296	46 
5297	116 
5298	111 
5299	92 
5300	59 
5301	136 
5302	109 
5303	154 
5304	29 
5305	106 
5306	2 
5307	124 
5308	13 
5309	120 
5310	53 
5311	65 
5312	61 
5313	7 
5314	101 
5315	136 
5316	2 
5317	136 
5318	152 
5319	67 
5320	109 
5321	60 
5322	106 
5323	67 
5324	85 
5325	101 
5326	60 
5327	105 
5328	51 
5329	96 
5330	137 
5331	92 
5332	16 
5333	78 
5334	14 
5335	152 
5336	67 
5337	52 
5338	117 
5339	141 
5340	97 
5341	47 
5342	138 
5343	80 
5344	71 
5345	69 
5346	59 
5347	16 
5348	34 
5349	75 
5350	120 
5351	53 
5352	4 
5353	154 
5354	38 
5355	147 
5356	50 
5357	64 
5358	125 
5359	98 
5360	16 
5361	32 
5362	80 
5363	152 
5364	87 
5365	26 
5366	106 
5367	145 
5368	22 
5369	159 
5370	17 
5371	75 
5372	64 
5373	63 
5374	20 
5375	71 
5376	141 
5377	57 
5378	52 
5379	119 
5380	55 
5381	29 
5382	86 
5383	44 
5384	41 
5385	50 
5386	109 
5387	53 
5388	159 
5389	38 
5390	43 
5391	58 
5392	91 
5393	40 
5394	148 
5395	64 
5396	117 
5397	147 
5398	135 
5399	14 
5400	17 
5401	26 
5402	48 
5403	32 
5404	106 
5405	45 
5406	47 
5407	82 
5408	144 
5409	44 
5410	98 
5411	93 
5412	63 
5413	19 
5414	59 
5415	36 
5416	104 
5417	96 
5418	108 
5419	83 
5420	71 
5421	27 
5422	82 
5423	27 
5424	137 
5425	87 
5426	22 
5427	41 
5428	129 
5429	28 
5430	157 
5431	157 
5432	63 
5433	47 
5434	91 
5435	70 
5436	30 
5437	4 
5438	139 
5439	98 
5440	135 
5441	118 
5442	126 
5443	147 
5444	110 
5445	108 
5446	130 
5447	138 
5448	19 
5449	45 
5450	89 
5451	118 
5452	5 
5453	104 
5454	36 
5455	3 
5456	87 
5457	79 
5458	158 
5459	22 
5460	99 
5461	124 
5462	87 
5463	53 
5464	132 
5465	33 
5466	54 
5467	114 
5468	99 
5469	118 
5470	61 
5471	151 
5472	96 
5473	64 
5474	43 
5475	122 
5476	81 
5477	61 
5478	151 
5479	58 
5480	121 
5481	53 
5482	62 
5483	30 
5484	137 
5485	131 
5486	39 
5487	72 
5488	147 
5489	91 
5490	33 
5491	95 
5492	124 
5493	137 
5494	113 
5495	55 
5496	147 
5497	155 
5498	47 
5499	93 
5500	136 
5501	95 
5502	129 
5503	40 
5504	155 
5505	149 
5506	158 
5507	106 
5508	101 
5509	114 
5510	126 
5511	133 
5512	142 
5513	57 
5514	100 
5515	19 
5516	29 
5517	138 
5518	16 
5519	93 
5520	80 
5521	117 
5522	157 
5523	16 
5524	127 
5525	57 
5526	2 
5527	82 
5528	115 
5529	66 
5530	93 
5531	63 
5532	158 
5533	19 
5534	65 
5535	159 
5536	133 
5537	153 
5538	92 
5539	147 
5540	91 
5541	111 
5542	20 
5543	23 
5544	103 
5545	33 
5546	52 
5547	81 
5548	110 
5549	3 
5550	103 
5551	128 
5552	49 
5553	91 
5554	27 
5555	2 
5556	156 
5557	95 
5558	29 
5559	104 
5560	126 
5561	81 
5562	146 
5563	54 
5564	112 
5565	50 
5566	132 
5567	101 
5568	110 
5569	158 
5570	84 
5571	126 
5572	98 
5573	4 
5574	139 
5575	62 
5576	23 
5577	141 
5578	67 
5579	128 
5580	159 
5581	68 
5582	39 
5583	56 
5584	115 
5585	57 
5586	94 
5587	58 
5588	145 
5589	22 
5590	37 
5591	41 
5592	38 
5593	13 
5594	142 
5595	47 
5596	50 
5597	119 
5598	137 
5599	145 
5600	120 
5601	104 
5602	105 
5603	14 
5604	30 
5605	41 
5606	19 
5607	119 
5608	40 
5609	12 
5610	39 
5611	101 
5612	8 
5613	148 
5614	150 
5615	68 
5616	26 
5617	108 
5618	62 
5619	62 
5620	99 
5621	157 
5622	124 
5623	16 
5624	148 
5625	59 
5626	86 
5627	121 
5628	49 
5629	155 
5630	102 
5631	46 
5632	46 
5633	14 
5634	105 
5635	5 
5636	159 
5637	45 
5638	124 
5639	132 
5640	32 
5641	116 
5642	67 
5643	111 
5644	116 
5645	133 
5646	104 
5647	39 
5648	81 
5649	86 
5650	139 
5651	32 
5652	158 
5653	62 
5654	41 
5655	112 
5656	125 
5657	58 
5658	101 
5659	125 
5660	3 
5661	84 
5662	126 
5663	61 
5664	81 
5665	72 
5666	133 
5667	33 
5668	120 
5669	39 
5670	40 
5671	109 
5672	82 
5673	12 
5674	36 
5675	38 
5676	27 
5677	88 
5678	74 
5679	136 
5680	35 
5681	69 
5682	143 
5683	15 
5684	11 
5685	33 
5686	49 
5687	74 
5688	2 
5689	57 
5690	58 
5691	136 
5692	79 
5693	79 
5694	2 
5695	111 
5696	33 
5697	51 
5698	105 
5699	2 
5700	105 
5701	14 
5702	32 
5703	124 
5704	29 
5705	1 
5706	31 
5707	49 
5708	159 
5709	147 
5710	59 
5711	147 
5712	54 
5713	122 
5714	127 
5715	98 
5716	11 
5717	59 
5718	77 
5719	88 
5720	41 
5721	140 
5722	39 
5723	66 
5724	101 
5725	60 
5726	126 
5727	72 
5728	69 
5729	140 
5730	145 
5731	128 
5732	22 
5733	139 
5734	92 
5735	152 
5736	13 
5737	158 
5738	80 
5739	129 
5740	121 
5741	69 
5742	126 
5743	26 
5744	111 
5745	41 
5746	90 
5747	156 
5748	115 
5749	32 
5750	46 
5751	25 
5752	145 
5753	20 
5754	88 
5755	35 
5756	31 
5757	22 
5758	79 
5759	46 
5760	50 
5761	41 
5762	16 
5763	103 
5764	84 
5765	54 
5766	91 
5767	19 
5768	65 
5769	110 
5770	70 
5771	75 
5772	95 
5773	139 
5774	42 
5775	79 
5776	67 
5777	16 
5778	60 
5779	35 
5780	94 
5781	10 
5782	66 
5783	143 
5784	32 
5785	149 
5786	61 
5787	82 
5788	55 
5789	117 
5790	92 
5791	114 
5792	41 
5793	3 
5794	129 
5795	150 
5796	37 
5797	94 
5798	39 
5799	116 
5800	15 
5801	108 
5802	56 
5803	105 
5804	119 
5805	72 
5806	119 
5807	105 
5808	44 
5809	24 
5810	6 
5811	122 
5812	74 
5813	25 
5814	149 
5815	116 
5816	52 
5817	29 
5818	25 
5819	101 
5820	6 
5821	146 
5822	99 
5823	8 
5824	120 
5825	93 
5826	96 
5827	123 
5828	98 
5829	77 
5830	2 
5831	26 
5832	19 
5833	26 
5834	84 
5835	129 
5836	93 
5837	3 
5838	69 
5839	62 
5840	28 
5841	54 
5842	135 
5843	135 
5844	103 
5845	14 
5846	87 
5847	86 
5848	95 
5849	57 
5850	153 
5851	112 
5852	88 
5853	118 
5854	121 
5855	29 
5856	90 
5857	99 
5858	20 
5859	31 
5860	74 
5861	32 
5862	85 
5863	98 
5864	23 
5865	142 
5866	65 
5867	83 
5868	117 
5869	101 
5870	28 
5871	92 
5872	55 
5873	122 
5874	124 
5875	122 
5876	10 
5877	56 
5878	87 
5879	50 
5880	122 
5881	151 
5882	35 
5883	96 
5884	12 
5885	48 
5886	144 
5887	151 
5888	21 
5889	135 
5890	117 
5891	69 
5892	45 
5893	100 
5894	4 
5895	129 
5896	96 
5897	49 
5898	78 
5899	48 
5900	7 
5901	32 
5902	129 
5903	60 
5904	40 
5905	110 
5906	143 
5907	120 
5908	148 
5909	101 
5910	90 
5911	100 
5912	7 
5913	74 
5914	23 
5915	104 
5916	55 
5917	34 
5918	7 
5919	36 
5920	118 
5921	84 
5922	89 
5923	12 
5924	29 
5925	20 
5926	72 
5927	159 
5928	76 
5929	100 
5930	61 
5931	42 
5932	113 
5933	118 
5934	52 
5935	26 
5936	150 
5937	64 
5938	90 
5939	76 
5940	118 
5941	18 
5942	9 
5943	27 
5944	129 
5945	95 
5946	159 
5947	7 
5948	139 
5949	154 
5950	3 
5951	152 
5952	42 
5953	27 
5954	45 
5955	69 
5956	29 
5957	92 
5958	94 
5959	19 
5960	135 
5961	112 
5962	28 
5963	85 
5964	70 
5965	148 
5966	64 
5967	33 
5968	154 
5969	22 
5970	36 
5971	4 
5972	84 
5973	63 
5974	114 
5975	112 
5976	98 
5977	66 
5978	89 
5979	124 
5980	38 
5981	138 
5982	16 
5983	74 
5984	125 
5985	34 
5986	86 
5987	99 
5988	82 
5989	104 
5990	159 
5991	129 
5992	133 
5993	85 
5994	103 
5995	38 
5996	97 
5997	111 
5998	130 
5999	83 
6000	63 
6001	79 
6002	143 
6003	28 
6004	66 
6005	151 
6006	159 
6007	122 
6008	103 
6009	64 
6010	66 
6011	34 
6012	149 
6013	143 
6014	63 
6015	80 
6016	63 
6017	136 
6018	65 
6019	87 
6020	55 
6021	133 
6022	70 
6023	20 
6024	67 
6025	10 
6026	24 
6027	122 
6028	85 
6029	60 
6030	28 
6031	129 
6032	11 
6033	65 
6034	51 
6035	150 
6036	96 
6037	57 
6038	45 
6039	90 
6040	8 
6041	129 
6042	38 
6043	111 
6044	25 
6045	119 
6046	42 
6047	85 
6048	117 
6049	153 
6050	69 
6051	86 
6052	24 
6053	49 
6054	149 
6055	32 
6056	111 
6057	128 
6058	136 
6059	15 
6060	146 
6061	24 
6062	103 
6063	142 
6064	91 
6065	48 
6066	56 
6067	46 
6068	146 
6069	15 
6070	42 
6071	45 
6072	107 
6073	148 
6074	90 
6075	11 
6076	29 
6077	20 
6078	74 
6079	56 
6080	98 
6081	33 
6082	145 
6083	46 
6084	62 
6085	82 
6086	125 
6087	76 
6088	156 
6089	82 
6090	36 
6091	109 
6092	125 
6093	71 
6094	104 
6095	48 
6096	57 
6097	52 
6098	119 
6099	105 
6100	106 
6101	155 
6102	90 
6103	130 
6104	113 
6105	154 
6106	58 
6107	13 
6108	80 
6109	9 
6110	17 
6111	20 
6112	94 
6113	14 
6114	110 
6115	110 
6116	137 
6117	9 
6118	121 
6119	10 
6120	47 
6121	89 
6122	11 
6123	65 
6124	80 
6125	97 
6126	124 
6127	73 
6128	111 
6129	94 
6130	63 
6131	95 
6132	42 
6133	72 
6134	144 
6135	131 
6136	10 
6137	98 
6138	92 
6139	1 
6140	38 
6141	10 
6142	71 
6143	56 
6144	68 
6145	70 
6146	133 
6147	143 
6148	118 
6149	93 
6150	124 
6151	117 
6152	82 
6153	47 
6154	143 
6155	92 
6156	123 
6157	7 
6158	37 
6159	155 
6160	35 
6161	121 
6162	39 
6163	55 
6164	159 
6165	51 
6166	19 
6167	140 
6168	87 
6169	29 
6170	109 
6171	93 
6172	22 
6173	112 
6174	27 
6175	75 
6176	84 
6177	85 
6178	32 
6179	19 
6180	64 
6181	135 
6182	132 
6183	10 
6184	152 
6185	60 
6186	57 
6187	96 
6188	14 
6189	29 
6190	127 
6191	71 
6192	139 
6193	102 
6194	76 
6195	58 
6196	7 
6197	8 
6198	101 
6199	142 
6200	4 
6201	152 
6202	157 
6203	143 
6204	64 
6205	16 
6206	3 
6207	126 
6208	58 
6209	18 
6210	132 
6211	9 
6212	57 
6213	138 
6214	71 
6215	10 
6216	153 
6217	149 
6218	116 
6219	11 
6220	88 
6221	36 
6222	41 
6223	5 
6224	142 
6225	26 
6226	133 
6227	105 
6228	91 
6229	35 
6230	74 
6231	15 
6232	125 
6233	74 
6234	92 
6235	23 
6236	28 
6237	75 
6238	66 
6239	84 
6240	82 
6241	18 
6242	102 
6243	63 
6244	123 
6245	68 
6246	130 
6247	10 
6248	137 
6249	58 
6250	106 
6251	126 
6252	109 
6253	32 
6254	32 
6255	28 
6256	42 
6257	104 
6258	132 
6259	127 
6260	29 
6261	51 
6262	135 
6263	134 
6264	32 
6265	151 
6266	30 
6267	21 
6268	81 
6269	57 
6270	34 
6271	137 
6272	59 
6273	127 
6274	36 
6275	100 
6276	142 
6277	151 
6278	68 
6279	67 
6280	7 
6281	37 
6282	105 
6283	24 
6284	138 
6285	137 
6286	152 
6287	5 
6288	132 
6289	64 
6290	100 
6291	60 
6292	49 
6293	157 
6294	75 
6295	153 
6296	31 
6297	13 
6298	135 
6299	71 
6300	157 
6301	120 
6302	138 
6303	47 
6304	64 
6305	121 
6306	15 
6307	71 
6308	86 
6309	64 
6310	55 
6311	3 
6312	62 
6313	144 
6314	102 
6315	61 
6316	4 
6317	45 
6318	56 
6319	33 
6320	58 
6321	98 
6322	73 
6323	3 
6324	102 
6325	138 
6326	104 
6327	113 
6328	8 
6329	125 
6330	48 
6331	34 
6332	62 
6333	123 
6334	91 
6335	133 
6336	1 
6337	64 
6338	120 
6339	41 
6340	153 
6341	65 
6342	104 
6343	59 
6344	13 
6345	8 
6346	22 
6347	110 
6348	103 
6349	146 
6350	84 
6351	93 
6352	23 
6353	22 
6354	149 
6355	93 
6356	12 
6357	87 
6358	40 
6359	108 
6360	68 
6361	116 
6362	54 
6363	128 
6364	81 
6365	129 
6366	143 
6367	118 
6368	149 
6369	45 
6370	140 
6371	63 
6372	49 
6373	125 
6374	46 
6375	55 
6376	124 
6377	78 
6378	28 
6379	3 
6380	26 
6381	42 
6382	49 
6383	101 
6384	152 
6385	4 
6386	81 
6387	32 
6388	146 
6389	73 
6390	121 
6391	24 
6392	68 
6393	43 
6394	73 
6395	90 
6396	36 
6397	145 
6398	155 
6399	97 
6400	122 
6401	82 
6402	11 
6403	151 
6404	107 
6405	158 
6406	113 
6407	89 
6408	26 
6409	104 
6410	153 
6411	113 
6412	94 
6413	154 
6414	3 
6415	35 
6416	69 
6417	97 
6418	31 
6419	54 
6420	97 
6421	39 
6422	154 
6423	71 
6424	44 
6425	92 
6426	9 
6427	81 
6428	74 
6429	5 
6430	109 
6431	83 
6432	114 
6433	66 
6434	25 
6435	106 
6436	52 
6437	24 
6438	155 
6439	71 
6440	112 
6441	16 
6442	18 
6443	126 
6444	55 
6445	152 
6446	40 
6447	112 
6448	28 
6449	23 
6450	63 
6451	78 
6452	99 
6453	96 
6454	40 
6455	143 
6456	5 
6457	141 
6458	2 
6459	41 
6460	41 
6461	54 
6462	25 
6463	61 
6464	86 
6465	41 
6466	29 
6467	26 
6468	88 
6469	138 
6470	83 
6471	50 
6472	35 
6473	60 
6474	107 
6475	119 
6476	30 
6477	94 
6478	62 
6479	58 
6480	79 
6481	57 
6482	94 
6483	68 
6484	21 
6485	55 
6486	108 
6487	63 
6488	142 
6489	31 
6490	133 
6491	111 
6492	135 
6493	103 
6494	54 
6495	140 
6496	31 
6497	83 
6498	43 
6499	69 
6500	5 
6501	15 
6502	138 
6503	78 
6504	131 
6505	79 
6506	79 
6507	147 
6508	42 
6509	113 
6510	10 
6511	45 
6512	132 
6513	125 
6514	26 
6515	19 
6516	130 
6517	125 
6518	32 
6519	149 
6520	72 
6521	130 
6522	134 
6523	88 
6524	140 
6525	139 
6526	48 
6527	118 
6528	142 
6529	88 
6530	51 
6531	83 
6532	100 
6533	87 
6534	54 
6535	146 
6536	80 
6537	7 
6538	35 
6539	50 
6540	88 
6541	27 
6542	101 
6543	137 
6544	137 
6545	154 
6546	44 
6547	35 
6548	7 
6549	70 
6550	21 
6551	112 
6552	119 
6553	34 
6554	122 
6555	77 
6556	56 
6557	140 
6558	24 
6559	111 
6560	106 
6561	19 
6562	54 
6563	114 
6564	94 
6565	138 
6566	41 
6567	138 
6568	93 
6569	107 
6570	110 
6571	121 
6572	81 
6573	136 
6574	43 
6575	29 
6576	124 
6577	55 
6578	86 
6579	66 
6580	37 
6581	158 
6582	159 
6583	118 
6584	91 
6585	41 
6586	28 
6587	7 
6588	79 
6589	139 
6590	76 
6591	8 
6592	98 
6593	65 
6594	51 
6595	44 
6596	56 
6597	78 
6598	80 
6599	31 
6600	89 
6601	100 
6602	60 
6603	97 
6604	46 
6605	34 
6606	111 
6607	102 
6608	51 
6609	118 
6610	105 
6611	22 
6612	100 
6613	61 
6614	36 
6615	74 
6616	40 
6617	158 
6618	133 
6619	87 
6620	74 
6621	70 
6622	90 
6623	128 
6624	29 
6625	109 
6626	124 
6627	60 
6628	122 
6629	12 
6630	94 
6631	99 
6632	6 
6633	144 
6634	157 
6635	130 
6636	81 
6637	121 
6638	84 
6639	37 
6640	51 
6641	144 
6642	142 
6643	74 
6644	29 
6645	153 
6646	10 
6647	5 
6648	23 
6649	80 
6650	59 
6651	91 
6652	131 
6653	142 
6654	86 
6655	107 
6656	11 
6657	35 
6658	11 
6659	152 
6660	134 
6661	98 
6662	128 
6663	48 
6664	54 
6665	130 
6666	7 
6667	55 
6668	11 
6669	58 
6670	68 
6671	116 
6672	48 
6673	27 
6674	97 
6675	12 
6676	98 
6677	54 
6678	25 
6679	134 
6680	18 
6681	146 
6682	15 
6683	8 
6684	1 
6685	110 
6686	96 
6687	128 
6688	117 
6689	39 
6690	96 
6691	73 
6692	81 
6693	29 
6694	147 
6695	89 
6696	72 
6697	19 
6698	36 
6699	67 
6700	111 
6701	107 
6702	49 
6703	14 
6704	70 
6705	156 
6706	96 
6707	32 
6708	32 
6709	70 
6710	38 
6711	128 
6712	125 
6713	33 
6714	132 
6715	151 
6716	113 
6717	137 
6718	144 
6719	130 
6720	114 
6721	101 
6722	111 
6723	155 
6724	77 
6725	116 
6726	11 
6727	80 
6728	104 
6729	139 
6730	123 
6731	119 
6732	16 
6733	34 
6734	40 
6735	28 
6736	28 
6737	24 
6738	152 
6739	56 
6740	128 
6741	59 
6742	36 
6743	119 
6744	81 
6745	131 
6746	28 
6747	132 
6748	78 
6749	59 
6750	28 
6751	14 
6752	37 
6753	21 
6754	12 
6755	65 
6756	95 
6757	77 
6758	14 
6759	144 
6760	114 
6761	90 
6762	138 
6763	58 
6764	18 
6765	32 
6766	138 
6767	27 
6768	70 
6769	112 
6770	53 
6771	42 
6772	113 
6773	36 
6774	122 
6775	110 
6776	46 
6777	107 
6778	46 
6779	12 
6780	41 
6781	74 
6782	32 
6783	94 
6784	141 
6785	102 
6786	6 
6787	56 
6788	20 
6789	64 
6790	38 
6791	24 
6792	48 
6793	140 
6794	157 
6795	107 
6796	158 
6797	21 
6798	42 
6799	99 
6800	8 
6801	109 
6802	6 
6803	53 
6804	159 
6805	19 
6806	56 
6807	71 
6808	102 
6809	26 
6810	138 
6811	127 
6812	6 
6813	92 
6814	56 
6815	159 
6816	36 
6817	46 
6818	71 
6819	54 
6820	117 
6821	121 
6822	153 
6823	83 
6824	17 
6825	68 
6826	101 
6827	21 
6828	103 
6829	154 
6830	65 
6831	10 
6832	149 
6833	21 
6834	98 
6835	13 
6836	7 
6837	122 
6838	11 
6839	62 
6840	147 
6841	56 
6842	23 
6843	61 
6844	63 
6845	97 
6846	113 
6847	80 
6848	90 
6849	51 
6850	48 
6851	142 
6852	106 
6853	107 
6854	112 
6855	37 
6856	112 
6857	137 
6858	159 
6859	74 
6860	27 
6861	39 
6862	102 
6863	123 
6864	70 
6865	106 
6866	74 
6867	126 
6868	38 
6869	99 
6870	58 
6871	97 
6872	91 
6873	7 
6874	128 
6875	131 
6876	46 
6877	68 
6878	81 
6879	148 
6880	101 
6881	14 
6882	84 
6883	116 
6884	103 
6885	49 
6886	118 
6887	127 
6888	119 
6889	100 
6890	124 
6891	68 
6892	53 
6893	72 
6894	29 
6895	93 
6896	63 
6897	119 
6898	39 
6899	94 
6900	2 
6901	90 
6902	68 
6903	145 
6904	31 
6905	115 
6906	22 
6907	36 
6908	86 
6909	153 
6910	12 
6911	120 
6912	61 
6913	123 
6914	86 
6915	155 
6916	94 
6917	120 
6918	75 
6919	57 
6920	140 
6921	125 
6922	21 
6923	145 
6924	96 
6925	98 
6926	59 
6927	155 
6928	26 
6929	100 
6930	80 
6931	23 
6932	6 
6933	5 
6934	138 
6935	83 
6936	101 
6937	123 
6938	76 
6939	124 
6940	159 
6941	30 
6942	55 
6943	44 
6944	73 
6945	115 
6946	100 
6947	10 
6948	4 
6949	149 
6950	149 
6951	158 
6952	148 
6953	34 
6954	55 
6955	148 
6956	96 
6957	44 
6958	111 
6959	83 
6960	140 
6961	35 
6962	79 
6963	31 
6964	144 
6965	102 
6966	125 
6967	60 
6968	17 
6969	106 
6970	10 
6971	130 
6972	113 
6973	151 
6974	122 
6975	24 
6976	136 
6977	154 
6978	145 
6979	12 
6980	90 
6981	124 
6982	144 
6983	86 
6984	2 
6985	29 
6986	101 
6987	15 
6988	106 
6989	46 
6990	46 
6991	2 
6992	91 
6993	9 
6994	154 
6995	104 
6996	39 
6997	143 
6998	22 
6999	1 
7000	137 
7001	120 
7002	137 
7003	32 
7004	107 
7005	6 
7006	7 
7007	41 
7008	128 
7009	100 
7010	71 
7011	133 
7012	1 
7013	81 
7014	19 
7015	83 
7016	69 
7017	35 
7018	69 
7019	35 
7020	41 
7021	67 
7022	139 
7023	65 
7024	4 
7025	127 
7026	61 
7027	19 
7028	68 
7029	134 
7030	115 
7031	61 
7032	158 
7033	113 
7034	39 
7035	104 
7036	72 
7037	94 
7038	108 
7039	143 
7040	105 
7041	83 
7042	55 
7043	108 
7044	130 
7045	127 
7046	77 
7047	135 
7048	9 
7049	104 
7050	66 
7051	79 
7052	17 
7053	152 
7054	144 
7055	128 
7056	131 
7057	91 
7058	58 
7059	92 
7060	24 
7061	72 
7062	107 
7063	33 
7064	94 
7065	66 
7066	130 
7067	8 
7068	7 
7069	26 
7070	13 
7071	136 
7072	56 
7073	61 
7074	18 
7075	117 
7076	8 
7077	27 
7078	76 
7079	57 
7080	112 
7081	17 
7082	32 
7083	20 
7084	64 
7085	121 
7086	21 
7087	9 
7088	21 
7089	113 
7090	155 
7091	63 
7092	20 
7093	74 
7094	98 
7095	21 
7096	55 
7097	5 
7098	112 
7099	13 
7100	23 
7101	159 
7102	19 
7103	132 
7104	158 
7105	134 
7106	98 
7107	56 
7108	68 
7109	106 
7110	155 
7111	72 
7112	124 
7113	153 
7114	143 
7115	10 
7116	120 
7117	99 
7118	41 
7119	113 
7120	59 
7121	107 
7122	58 
7123	129 
7124	138 
7125	117 
7126	44 
7127	25 
7128	63 
7129	17 
7130	131 
7131	56 
7132	82 
7133	48 
7134	8 
7135	6 
7136	110 
7137	137 
7138	66 
7139	140 
7140	57 
7141	47 
7142	12 
7143	34 
7144	121 
7145	68 
7146	66 
7147	4 
7148	47 
7149	7 
7150	43 
7151	14 
7152	150 
7153	21 
7154	16 
7155	135 
7156	142 
7157	140 
7158	33 
7159	43 
7160	26 
7161	101 
7162	126 
7163	18 
7164	99 
7165	91 
7166	157 
7167	61 
7168	136 
7169	135 
7170	97 
7171	143 
7172	43 
7173	73 
7174	2 
7175	84 
7176	27 
7177	156 
7178	27 
7179	6 
7180	62 
7181	31 
7182	3 
7183	150 
7184	23 
7185	56 
7186	126 
7187	156 
7188	122 
7189	141 
7190	109 
7191	103 
7192	20 
7193	96 
7194	85 
7195	119 
7196	143 
7197	54 
7198	118 
7199	77 
7200	116 
7201	7 
7202	151 
7203	136 
7204	66 
7205	13 
7206	111 
7207	128 
7208	148 
7209	20 
7210	62 
7211	32 
7212	74 
7213	73 
7214	67 
7215	64 
7216	121 
7217	156 
7218	31 
7219	79 
7220	2 
7221	29 
7222	48 
7223	133 
7224	143 
7225	146 
7226	64 
7227	151 
7228	88 
7229	137 
7230	44 
7231	74 
7232	157 
7233	28 
7234	18 
7235	91 
7236	13 
7237	132 
7238	96 
7239	105 
7240	82 
7241	20 
7242	121 
7243	131 
7244	15 
7245	57 
7246	40 
7247	142 
7248	92 
7249	125 
7250	67 
7251	56 
7252	49 
7253	40 
7254	66 
7255	46 
7256	100 
7257	117 
7258	70 
7259	41 
7260	110 
7261	151 
7262	51 
7263	53 
7264	75 
7265	125 
7266	24 
7267	158 
7268	25 
7269	133 
7270	24 
7271	46 
7272	38 
7273	139 
7274	61 
7275	60 
7276	5 
7277	52 
7278	21 
7279	47 
7280	120 
7281	61 
7282	40 
7283	79 
7284	83 
7285	39 
7286	120 
7287	140 
7288	12 
7289	47 
7290	34 
7291	64 
7292	56 
7293	121 
7294	50 
7295	103 
7296	121 
7297	141 
7298	32 
7299	153 
7300	10 
7301	98 
7302	70 
7303	46 
7304	68 
7305	112 
7306	81 
7307	91 
7308	10 
7309	131 
7310	133 
7311	107 
7312	112 
7313	83 
7314	57 
7315	4 
7316	77 
7317	117 
7318	126 
7319	6 
7320	47 
7321	58 
7322	86 
7323	105 
7324	82 
7325	4 
7326	59 
7327	123 
7328	80 
7329	36 
7330	88 
7331	56 
7332	77 
7333	87 
7334	85 
7335	86 
7336	150 
7337	85 
7338	99 
7339	90 
7340	135 
7341	60 
7342	9 
7343	89 
7344	38 
7345	148 
7346	116 
7347	145 
7348	140 
7349	104 
7350	143 
7351	74 
7352	104 
7353	62 
7354	49 
7355	61 
7356	85 
7357	104 
7358	150 
7359	86 
7360	128 
7361	84 
7362	39 
7363	120 
7364	32 
7365	45 
7366	105 
7367	154 
7368	110 
7369	90 
7370	46 
7371	150 
7372	5 
7373	99 
7374	61 
7375	37 
7376	134 
7377	69 
7378	141 
7379	7 
7380	36 
7381	125 
7382	130 
7383	110 
7384	89 
7385	126 
7386	123 
7387	57 
7388	155 
7389	79 
7390	142 
7391	150 
7392	123 
7393	31 
7394	69 
7395	69 
7396	121 
7397	112 
7398	56 
7399	10 
7400	97 
7401	17 
7402	14 
7403	17 
7404	114 
7405	82 
7406	32 
7407	159 
7408	125 
7409	103 
7410	55 
7411	104 
7412	4 
7413	77 
7414	31 
7415	16 
7416	51 
7417	17 
7418	29 
7419	102 
7420	117 
7421	156 
7422	40 
7423	101 
7424	122 
7425	159 
7426	148 
7427	94 
7428	81 
7429	53 
7430	14 
7431	27 
7432	92 
7433	126 
7434	149 
7435	105 
7436	131 
7437	78 
7438	136 
7439	71 
7440	1 
7441	84 
7442	150 
7443	33 
7444	70 
7445	57 
7446	85 
7447	86 
7448	121 
7449	101 
7450	77 
7451	61 
7452	150 
7453	120 
7454	132 
7455	86 
7456	118 
7457	114 
7458	114 
7459	121 
7460	124 
7461	127 
7462	127 
7463	30 
7464	86 
7465	148 
7466	87 
7467	148 
7468	137 
7469	156 
7470	11 
7471	130 
7472	52 
7473	155 
7474	102 
7475	60 
7476	126 
7477	70 
7478	20 
7479	150 
7480	59 
7481	72 
7482	113 
7483	153 
7484	104 
7485	34 
7486	89 
7487	3 
7488	119 
7489	117 
7490	26 
7491	39 
7492	24 
7493	32 
7494	159 
7495	2 
7496	53 
7497	11 
7498	96 
7499	151 
7500	23 
7501	132 
7502	66 
7503	92 
7504	111 
7505	39 
7506	17 
7507	54 
7508	154 
7509	53 
7510	126 
7511	15 
7512	20 
7513	102 
7514	124 
7515	143 
7516	92 
7517	109 
7518	30 
7519	20 
7520	151 
7521	143 
7522	115 
7523	154 
7524	23 
7525	44 
7526	121 
7527	78 
7528	58 
7529	127 
7530	108 
7531	128 
7532	94 
7533	114 
7534	85 
7535	59 
7536	44 
7537	126 
7538	45 
7539	48 
7540	116 
7541	88 
7542	148 
7543	57 
7544	99 
7545	85 
7546	158 
7547	130 
7548	154 
7549	132 
7550	78 
7551	40 
7552	111 
7553	113 
7554	57 
7555	91 
7556	123 
7557	63 
7558	38 
7559	40 
7560	137 
7561	48 
7562	127 
7563	139 
7564	109 
7565	10 
7566	78 
7567	123 
7568	71 
7569	67 
7570	62 
7571	75 
7572	37 
7573	49 
7574	59 
7575	141 
7576	67 
7577	92 
7578	136 
7579	104 
7580	112 
7581	127 
7582	144 
7583	156 
7584	26 
7585	16 
7586	21 
7587	86 
7588	89 
7589	118 
7590	23 
7591	89 
7592	140 
7593	135 
7594	67 
7595	127 
7596	15 
7597	86 
7598	102 
7599	138 
7600	53 
7601	20 
7602	8 
7603	28 
7604	99 
7605	41 
7606	157 
7607	54 
7608	130 
7609	26 
7610	91 
7611	72 
7612	94 
7613	130 
7614	27 
7615	18 
7616	80 
7617	19 
7618	15 
7619	142 
7620	68 
7621	16 
7622	134 
7623	20 
7624	37 
7625	91 
7626	117 
7627	132 
7628	151 
7629	141 
7630	108 
7631	5 
7632	65 
7633	109 
7634	142 
7635	100 
7636	116 
7637	80 
7638	139 
7639	120 
7640	49 
7641	86 
7642	60 
7643	23 
7644	97 
7645	47 
7646	131 
7647	84 
7648	108 
7649	17 
7650	70 
7651	74 
7652	44 
7653	25 
7654	142 
7655	21 
7656	112 
7657	55 
7658	78 
7659	49 
7660	141 
7661	62 
7662	34 
7663	26 
7664	40 
7665	132 
7666	79 
7667	23 
7668	117 
7669	40 
7670	47 
7671	16 
7672	93 
7673	132 
7674	88 
7675	129 
7676	109 
7677	78 
7678	78 
7679	71 
7680	47 
7681	119 
7682	132 
7683	121 
7684	158 
7685	93 
7686	61 
7687	53 
7688	116 
7689	7 
7690	103 
7691	34 
7692	82 
7693	150 
7694	93 
7695	18 
7696	45 
7697	118 
7698	146 
7699	44 
7700	151 
7701	45 
7702	75 
7703	67 
7704	26 
7705	20 
7706	36 
7707	136 
7708	24 
7709	99 
7710	152 
7711	59 
7712	126 
7713	97 
7714	112 
7715	18 
7716	114 
7717	156 
7718	48 
7719	111 
7720	15 
7721	20 
7722	80 
7723	148 
7724	68 
7725	45 
7726	64 
7727	41 
7728	63 
7729	132 
7730	154 
7731	120 
7732	93 
7733	19 
7734	87 
7735	40 
7736	152 
7737	62 
7738	22 
7739	85 
7740	62 
7741	40 
7742	130 
7743	158 
7744	49 
7745	152 
7746	110 
7747	159 
7748	10 
7749	115 
7750	139 
7751	45 
7752	137 
7753	129 
7754	81 
7755	150 
7756	94 
7757	147 
7758	126 
7759	85 
7760	87 
7761	145 
7762	126 
7763	82 
7764	151 
7765	46 
7766	78 
7767	159 
7768	152 
7769	64 
7770	81 
7771	99 
7772	114 
7773	55 
7774	37 
7775	108 
7776	56 
7777	155 
7778	6 
7779	3 
7780	23 
7781	5 
7782	95 
7783	85 
7784	117 
7785	15 
7786	51 
7787	143 
7788	6 
7789	20 
7790	55 
7791	151 
7792	39 
7793	89 
7794	64 
7795	106 
7796	88 
7797	59 
7798	81 
7799	115 
7800	77 
7801	137 
7802	106 
7803	48 
7804	99 
7805	53 
7806	78 
7807	33 
7808	72 
7809	28 
7810	55 
7811	65 
7812	130 
7813	107 
7814	29 
7815	85 
7816	116 
7817	7 
7818	16 
7819	136 
7820	71 
7821	74 
7822	10 
7823	155 
7824	143 
7825	155 
7826	111 
7827	112 
7828	138 
7829	78 
7830	113 
7831	5 
7832	148 
7833	27 
7834	116 
7835	15 
7836	58 
7837	29 
7838	62 
7839	157 
7840	49 
7841	104 
7842	136 
7843	147 
7844	129 
7845	128 
7846	1 
7847	87 
7848	65 
7849	9 
7850	68 
7851	151 
7852	141 
7853	51 
7854	118 
7855	11 
7856	150 
7857	100 
7858	42 
7859	75 
7860	71 
7861	104 
7862	72 
7863	76 
7864	133 
7865	127 
7866	57 
7867	31 
7868	18 
7869	110 
7870	22 
7871	155 
7872	86 
7873	118 
7874	31 
7875	117 
7876	144 
7877	10 
7878	98 
7879	60 
7880	5 
7881	114 
7882	146 
7883	6 
7884	96 
7885	141 
7886	125 
7887	121 
7888	59 
7889	77 
7890	141 
7891	57 
7892	116 
7893	22 
7894	35 
7895	6 
7896	134 
7897	74 
7898	84 
7899	5 
7900	132 
7901	7 
7902	33 
7903	7 
7904	53 
7905	62 
7906	86 
7907	143 
7908	12 
7909	119 
7910	23 
7911	7 
7912	4 
7913	49 
7914	41 
7915	113 
7916	79 
7917	130 
7918	5 
7919	80 
7920	49 
7921	95 
7922	104 
7923	57 
7924	108 
7925	75 
7926	39 
7927	116 
7928	87 
7929	7 
7930	54 
7931	20 
7932	44 
7933	33 
7934	63 
7935	127 
7936	128 
7937	36 
7938	76 
7939	154 
7940	15 
7941	13 
7942	109 
7943	68 
7944	140 
7945	13 
7946	26 
7947	69 
7948	41 
7949	140 
7950	33 
7951	158 
7952	136 
7953	25 
7954	140 
7955	51 
7956	73 
7957	30 
7958	49 
7959	111 
7960	10 
7961	26 
7962	121 
7963	156 
7964	49 
7965	146 
7966	25 
7967	63 
7968	72 
7969	135 
7970	56 
7971	125 
7972	68 
7973	68 
7974	78 
7975	136 
7976	144 
7977	13 
7978	11 
7979	150 
7980	101 
7981	73 
7982	6 
7983	124 
7984	117 
7985	136 
7986	78 
7987	110 
7988	142 
7989	67 
7990	41 
7991	126 
7992	117 
7993	154 
7994	63 
7995	106 
7996	76 
7997	147 
7998	43 
7999	79 
8000	127 
8001	59 
8002	62 
8003	77 
8004	111 
8005	58 
8006	105 
8007	80 
8008	12 
8009	115 
8010	37 
8011	87 
8012	129 
8013	123 
8014	54 
8015	159 
8016	68 
8017	118 
8018	30 
8019	121 
8020	87 
8021	159 
8022	78 
8023	85 
8024	88 
8025	94 
8026	27 
8027	43 
8028	76 
8029	77 
8030	45 
8031	130 
8032	26 
8033	47 
8034	113 
8035	120 
8036	21 
8037	27 
8038	8 
8039	83 
8040	158 
8041	80 
8042	158 
8043	87 
8044	72 
8045	28 
8046	57 
8047	95 
8048	15 
8049	42 
8050	69 
8051	55 
8052	137 
8053	74 
8054	115 
8055	135 
8056	145 
8057	30 
8058	118 
8059	114 
8060	106 
8061	38 
8062	47 
8063	60 
8064	156 
8065	45 
8066	62 
8067	60 
8068	158 
8069	6 
8070	118 
8071	14 
8072	118 
8073	150 
8074	69 
8075	86 
8076	57 
8077	132 
8078	15 
8079	21 
8080	116 
8081	24 
8082	132 
8083	79 
8084	47 
8085	30 
8086	1 
8087	122 
8088	44 
8089	154 
8090	109 
8091	104 
8092	19 
8093	25 
8094	76 
8095	103 
8096	65 
8097	135 
8098	107 
8099	139 
8100	65 
8101	91 
8102	33 
8103	35 
8104	40 
8105	157 
8106	9 
8107	3 
8108	15 
8109	127 
8110	28 
8111	27 
8112	7 
8113	41 
8114	142 
8115	125 
8116	154 
8117	109 
8118	113 
8119	92 
8120	36 
8121	158 
8122	20 
8123	71 
8124	77 
8125	38 
8126	92 
8127	50 
8128	16 
8129	68 
8130	77 
8131	113 
8132	53 
8133	96 
8134	129 
8135	52 
8136	32 
8137	147 
8138	40 
8139	99 
8140	53 
8141	140 
8142	55 
8143	2 
8144	100 
8145	127 
8146	71 
8147	111 
8148	131 
8149	48 
8150	38 
8151	92 
8152	72 
8153	41 
8154	136 
8155	2 
8156	77 
8157	40 
8158	54 
8159	122 
8160	49 
8161	138 
8162	128 
8163	115 
8164	12 
8165	61 
8166	61 
8167	64 
8168	84 
8169	121 
8170	112 
8171	50 
8172	1 
8173	21 
8174	82 
8175	60 
8176	153 
8177	123 
8178	61 
8179	12 
8180	126 
8181	11 
8182	54 
8183	45 
8184	144 
8185	59 
8186	62 
8187	54 
8188	89 
8189	137 
8190	42 
8191	56 
8192	48 
8193	4 
8194	113 
8195	109 
8196	158 
8197	155 
8198	149 
8199	137 
8200	108 
8201	88 
8202	137 
8203	28 
8204	140 
8205	126 
8206	9 
8207	143 
8208	64 
8209	159 
8210	120 
8211	90 
8212	127 
8213	105 
8214	73 
8215	26 
8216	39 
8217	45 
8218	143 
8219	112 
8220	40 
8221	57 
8222	152 
8223	138 
8224	51 
8225	73 
8226	143 
8227	44 
8228	90 
8229	102 
8230	159 
8231	55 
8232	55 
8233	46 
8234	94 
8235	83 
8236	51 
8237	72 
8238	34 
8239	137 
8240	65 
8241	34 
8242	18 
8243	86 
8244	113 
8245	41 
8246	51 
8247	128 
8248	109 
8249	134 
8250	30 
8251	41 
8252	82 
8253	58 
8254	116 
8255	42 
8256	95 
8257	128 
8258	156 
8259	115 
8260	19 
8261	63 
8262	14 
8263	93 
8264	137 
8265	80 
8266	81 
8267	127 
8268	103 
8269	48 
8270	145 
8271	64 
8272	91 
8273	126 
8274	137 
8275	68 
8276	122 
8277	104 
8278	25 
8279	31 
8280	128 
8281	46 
8282	150 
8283	84 
8284	135 
8285	132 
8286	31 
8287	135 
8288	26 
8289	49 
8290	22 
8291	78 
8292	133 
8293	81 
8294	89 
8295	155 
8296	157 
8297	127 
8298	129 
8299	90 
8300	106 
8301	144 
8302	46 
8303	118 
8304	111 
8305	80 
8306	111 
8307	141 
8308	111 
8309	69 
8310	99 
8311	104 
8312	139 
8313	46 
8314	39 
8315	121 
8316	122 
8317	136 
8318	133 
8319	66 
8320	40 
8321	43 
8322	139 
8323	61 
8324	79 
8325	73 
8326	6 
8327	28 
8328	53 
8329	68 
8330	55 
8331	89 
8332	47 
8333	101 
8334	29 
8335	105 
8336	104 
8337	129 
8338	31 
8339	67 
8340	50 
8341	125 
8342	135 
8343	100 
8344	66 
8345	27 
8346	125 
8347	142 
8348	30 
8349	156 
8350	114 
8351	33 
8352	47 
8353	59 
8354	99 
8355	122 
8356	33 
8357	150 
8358	124 
8359	90 
8360	101 
8361	82 
8362	27 
8363	16 
8364	137 
8365	23 
8366	31 
8367	75 
8368	51 
8369	146 
8370	76 
8371	90 
8372	124 
8373	103 
8374	151 
8375	24 
8376	77 
8377	45 
8378	96 
8379	18 
8380	135 
8381	125 
8382	19 
8383	56 
8384	103 
8385	115 
8386	138 
8387	76 
8388	47 
8389	110 
8390	10 
8391	43 
8392	38 
8393	47 
8394	26 
8395	28 
8396	7 
8397	66 
8398	152 
8399	114 
8400	7 
8401	76 
8402	23 
8403	118 
8404	51 
8405	29 
8406	113 
8407	128 
8408	122 
8409	124 
8410	7 
8411	46 
8412	61 
8413	115 
8414	61 
8415	153 
8416	93 
8417	18 
8418	9 
8419	32 
8420	9 
8421	10 
8422	102 
8423	100 
8424	26 
8425	69 
8426	123 
8427	89 
8428	1 
8429	32 
8430	9 
8431	158 
8432	65 
8433	52 
8434	95 
8435	13 
8436	49 
8437	146 
8438	143 
8439	158 
8440	3 
8441	68 
8442	104 
8443	50 
8444	67 
8445	131 
8446	125 
8447	15 
8448	159 
8449	94 
8450	3 
8451	97 
8452	159 
8453	4 
8454	75 
8455	126 
8456	15 
8457	43 
8458	36 
8459	82 
8460	45 
8461	57 
8462	92 
8463	84 
8464	18 
8465	89 
8466	123 
8467	152 
8468	91 
8469	23 
8470	109 
8471	106 
8472	28 
8473	104 
8474	87 
8475	56 
8476	118 
8477	11 
8478	84 
8479	136 
8480	159 
8481	31 
8482	47 
8483	3 
8484	140 
8485	79 
8486	76 
8487	104 
8488	21 
8489	126 
8490	73 
8491	147 
8492	8 
8493	124 
8494	69 
8495	38 
8496	109 
8497	19 
8498	77 
8499	45 
8500	65 
8501	34 
8502	102 
8503	149 
8504	145 
8505	55 
8506	109 
8507	54 
8508	83 
8509	106 
8510	13 
8511	95 
8512	50 
8513	111 
8514	1 
8515	70 
8516	56 
8517	106 
8518	86 
8519	38 
8520	114 
8521	57 
8522	66 
8523	96 
8524	4 
8525	25 
8526	13 
8527	87 
8528	137 
8529	27 
8530	157 
8531	126 
8532	159 
8533	117 
8534	86 
8535	29 
8536	104 
8537	138 
8538	127 
8539	98 
8540	83 
8541	5 
8542	145 
8543	110 
8544	103 
8545	18 
8546	126 
8547	41 
8548	143 
8549	145 
8550	33 
8551	62 
8552	136 
8553	13 
8554	110 
8555	5 
8556	102 
8557	87 
8558	22 
8559	80 
8560	97 
8561	91 
8562	147 
8563	24 
8564	25 
8565	5 
8566	78 
8567	119 
8568	7 
8569	103 
8570	62 
8571	56 
8572	122 
8573	11 
8574	52 
8575	152 
8576	72 
8577	87 
8578	4 
8579	149 
8580	21 
8581	108 
8582	48 
8583	158 
8584	38 
8585	145 
8586	69 
8587	25 
8588	32 
8589	8 
8590	99 
8591	81 
8592	77 
8593	18 
8594	88 
8595	59 
8596	124 
8597	63 
8598	43 
8599	155 
8600	140 
8601	43 
8602	53 
8603	145 
8604	18 
8605	142 
8606	84 
8607	79 
8608	98 
8609	108 
8610	48 
8611	27 
8612	22 
8613	80 
8614	42 
8615	94 
8616	61 
8617	78 
8618	93 
8619	119 
8620	20 
8621	125 
8622	33 
8623	81 
8624	33 
8625	102 
8626	10 
8627	123 
8628	138 
8629	142 
8630	99 
8631	158 
8632	56 
8633	46 
8634	12 
8635	20 
8636	51 
8637	159 
8638	158 
8639	146 
8640	81 
8641	105 
8642	121 
8643	132 
8644	4 
8645	11 
8646	98 
8647	91 
8648	70 
8649	83 
8650	60 
8651	67 
8652	106 
8653	55 
8654	56 
8655	61 
8656	128 
8657	104 
8658	8 
8659	8 
8660	65 
8661	107 
8662	134 
8663	68 
8664	29 
8665	101 
8666	136 
8667	28 
8668	77 
8669	37 
8670	62 
8671	49 
8672	150 
8673	81 
8674	67 
8675	94 
8676	72 
8677	61 
8678	31 
8679	49 
8680	74 
8681	33 
8682	109 
8683	141 
8684	108 
8685	47 
8686	4 
8687	8 
8688	92 
8689	13 
8690	102 
8691	140 
8692	101 
8693	14 
8694	117 
8695	77 
8696	130 
8697	34 
8698	131 
8699	36 
8700	105 
8701	21 
8702	9 
8703	158 
8704	132 
8705	12 
8706	98 
8707	4 
8708	112 
8709	76 
8710	157 
8711	18 
8712	20 
8713	137 
8714	73 
8715	69 
8716	126 
8717	116 
8718	93 
8719	3 
8720	145 
8721	98 
8722	58 
8723	57 
8724	19 
8725	148 
8726	114 
8727	43 
8728	127 
8729	77 
8730	108 
8731	147 
8732	105 
8733	56 
8734	35 
8735	63 
8736	155 
8737	55 
8738	122 
8739	136 
8740	110 
8741	152 
8742	31 
8743	140 
8744	137 
8745	28 
8746	49 
8747	104 
8748	41 
8749	32 
8750	55 
8751	28 
8752	136 
8753	130 
8754	69 
8755	34 
8756	16 
8757	75 
8758	84 
8759	27 
8760	15 
8761	15 
8762	74 
8763	124 
8764	116 
8765	1 
8766	121 
8767	125 
8768	25 
8769	143 
8770	156 
8771	68 
8772	66 
8773	122 
8774	159 
8775	14 
8776	140 
8777	89 
8778	72 
8779	51 
8780	152 
8781	82 
8782	6 
8783	103 
8784	13 
8785	109 
8786	11 
8787	98 
8788	66 
8789	54 
8790	101 
8791	69 
8792	52 
8793	93 
8794	59 
8795	66 
8796	87 
8797	75 
8798	28 
8799	24 
8800	95 
8801	102 
8802	134 
8803	79 
8804	135 
8805	155 
8806	99 
8807	14 
8808	123 
8809	81 
8810	10 
8811	12 
8812	36 
8813	18 
8814	55 
8815	19 
8816	79 
8817	110 
8818	92 
8819	100 
8820	56 
8821	138 
8822	10 
8823	63 
8824	147 
8825	146 
8826	59 
8827	52 
8828	16 
8829	131 
8830	123 
8831	59 
8832	112 
8833	92 
8834	136 
8835	115 
8836	57 
8837	13 
8838	54 
8839	61 
8840	6 
8841	32 
8842	8 
8843	15 
8844	87 
8845	56 
8846	92 
8847	19 
8848	143 
8849	39 
8850	124 
8851	96 
8852	84 
8853	58 
8854	111 
8855	128 
8856	147 
8857	77 
8858	46 
8859	81 
8860	12 
8861	56 
8862	158 
8863	23 
8864	43 
8865	121 
8866	106 
8867	130 
8868	14 
8869	42 
8870	19 
8871	4 
8872	121 
8873	138 
8874	52 
8875	97 
8876	42 
8877	146 
8878	109 
8879	73 
8880	62 
8881	31 
8882	119 
8883	32 
8884	60 
8885	123 
8886	29 
8887	118 
8888	58 
8889	42 
8890	110 
8891	126 
8892	18 
8893	15 
8894	20 
8895	135 
8896	17 
8897	48 
8898	13 
8899	40 
8900	117 
8901	29 
8902	87 
8903	45 
8904	138 
8905	136 
8906	116 
8907	124 
8908	69 
8909	104 
8910	2 
8911	137 
8912	19 
8913	125 
8914	55 
8915	1 
8916	28 
8917	62 
8918	8 
8919	121 
8920	21 
8921	105 
8922	58 
8923	1 
8924	35 
8925	125 
8926	91 
8927	97 
8928	128 
8929	19 
8930	55 
8931	143 
8932	106 
8933	78 
8934	139 
8935	127 
8936	28 
8937	13 
8938	62 
8939	34 
8940	61 
8941	43 
8942	85 
8943	14 
8944	132 
8945	145 
8946	84 
8947	8 
8948	83 
8949	129 
8950	123 
8951	117 
8952	90 
8953	140 
8954	56 
8955	49 
8956	50 
8957	153 
8958	66 
8959	29 
8960	124 
8961	87 
8962	101 
8963	74 
8964	100 
8965	140 
8966	119 
8967	35 
8968	97 
8969	122 
8970	12 
8971	35 
8972	3 
8973	47 
8974	77 
8975	74 
8976	91 
8977	72 
8978	26 
8979	68 
8980	108 
8981	108 
8982	57 
8983	132 
8984	82 
8985	114 
8986	81 
8987	124 
8988	62 
8989	139 
8990	44 
8991	74 
8992	86 
8993	33 
8994	144 
8995	34 
8996	96 
8997	109 
8998	88 
8999	143 
9000	76 
9001	82 
9002	54 
9003	129 
9004	17 
9005	14 
9006	88 
9007	100 
9008	16 
9009	140 
9010	92 
9011	15 
9012	28 
9013	15 
9014	116 
9015	26 
9016	25 
9017	105 
9018	128 
9019	65 
9020	129 
9021	81 
9022	49 
9023	148 
9024	94 
9025	59 
9026	32 
9027	40 
9028	109 
9029	90 
9030	84 
9031	65 
9032	121 
9033	59 
9034	48 
9035	127 
9036	135 
9037	20 
9038	114 
9039	10 
9040	5 
9041	154 
9042	152 
9043	158 
9044	122 
9045	106 
9046	144 
9047	33 
9048	71 
9049	81 
9050	128 
9051	87 
9052	46 
9053	126 
9054	101 
9055	69 
9056	18 
9057	115 
9058	63 
9059	104 
9060	121 
9061	18 
9062	26 
9063	72 
9064	10 
9065	52 
9066	40 
9067	71 
9068	47 
9069	7 
9070	111 
9071	156 
9072	119 
9073	5 
9074	126 
9075	111 
9076	156 
9077	110 
9078	142 
9079	150 
9080	65 
9081	18 
9082	62 
9083	52 
9084	18 
9085	77 
9086	46 
9087	63 
9088	136 
9089	18 
9090	106 
9091	104 
9092	94 
9093	132 
9094	62 
9095	117 
9096	52 
9097	121 
9098	91 
9099	82 
9100	138 
9101	79 
9102	29 
9103	25 
9104	136 
9105	94 
9106	87 
9107	27 
9108	121 
9109	65 
9110	154 
9111	120 
9112	11 
9113	117 
9114	78 
9115	47 
9116	136 
9117	108 
9118	120 
9119	136 
9120	117 
9121	10 
9122	110 
9123	158 
9124	64 
9125	127 
9126	136 
9127	110 
9128	18 
9129	57 
9130	151 
9131	127 
9132	117 
9133	87 
9134	5 
9135	84 
9136	115 
9137	114 
9138	103 
9139	104 
9140	107 
9141	44 
9142	49 
9143	12 
9144	79 
9145	71 
9146	114 
9147	144 
9148	74 
9149	127 
9150	143 
9151	47 
9152	123 
9153	103 
9154	20 
9155	34 
9156	79 
9157	78 
9158	17 
9159	52 
9160	109 
9161	76 
9162	94 
9163	71 
9164	64 
9165	116 
9166	28 
9167	47 
9168	96 
9169	69 
9170	126 
9171	55 
9172	128 
9173	46 
9174	80 
9175	5 
9176	137 
9177	6 
9178	59 
9179	65 
9180	2 
9181	36 
9182	103 
9183	63 
9184	106 
9185	46 
9186	34 
9187	44 
9188	101 
9189	57 
9190	46 
9191	125 
9192	112 
9193	36 
9194	158 
9195	38 
9196	68 
9197	121 
9198	109 
9199	156 
9200	111 
9201	16 
9202	84 
9203	150 
9204	89 
9205	64 
9206	57 
9207	46 
9208	10 
9209	61 
9210	63 
9211	41 
9212	109 
9213	109 
9214	49 
9215	106 
9216	115 
9217	69 
9218	140 
9219	69 
9220	74 
9221	115 
9222	81 
9223	117 
9224	122 
9225	71 
9226	125 
9227	61 
9228	143 
9229	59 
9230	55 
9231	121 
9232	76 
9233	92 
9234	38 
9235	136 
9236	28 
9237	29 
9238	107 
9239	26 
9240	117 
9241	126 
9242	65 
9243	89 
9244	80 
9245	101 
9246	15 
9247	144 
9248	20 
9249	143 
9250	35 
9251	144 
9252	151 
9253	80 
9254	116 
9255	140 
9256	41 
9257	101 
9258	44 
9259	110 
9260	20 
9261	61 
9262	96 
9263	111 
9264	5 
9265	44 
9266	49 
9267	26 
9268	87 
9269	152 
9270	107 
9271	141 
9272	19 
9273	110 
9274	49 
9275	156 
9276	76 
9277	35 
9278	104 
9279	54 
9280	103 
9281	19 
9282	56 
9283	64 
9284	113 
9285	123 
9286	57 
9287	122 
9288	91 
9289	115 
9290	18 
9291	86 
9292	127 
9293	59 
9294	104 
9295	99 
9296	18 
9297	92 
9298	136 
9299	49 
9300	56 
9301	94 
9302	39 
9303	128 
9304	18 
9305	33 
9306	16 
9307	91 
9308	152 
9309	156 
9310	123 
9311	151 
9312	128 
9313	47 
9314	25 
9315	91 
9316	29 
9317	15 
9318	126 
9319	84 
9320	138 
9321	64 
9322	5 
9323	107 
9324	33 
9325	106 
9326	62 
9327	46 
9328	34 
9329	122 
9330	126 
9331	132 
9332	16 
9333	138 
9334	63 
9335	20 
9336	62 
9337	121 
9338	122 
9339	57 
9340	159 
9341	99 
9342	46 
9343	136 
9344	156 
9345	47 
9346	91 
9347	137 
9348	137 
9349	47 
9350	125 
9351	59 
9352	140 
9353	96 
9354	108 
9355	76 
9356	92 
9357	132 
9358	98 
9359	107 
9360	10 
9361	35 
9362	53 
9363	79 
9364	53 
9365	127 
9366	99 
9367	125 
9368	47 
9369	53 
9370	92 
9371	122 
9372	154 
9373	87 
9374	96 
9375	128 
9376	113 
9377	113 
9378	121 
9379	111 
9380	144 
9381	104 
9382	127 
9383	64 
9384	104 
9385	79 
9386	88 
9387	127 
9388	87 
9389	62 
9390	109 
9391	144 
9392	126 
9393	127 
9394	57 
9395	56 
9396	136 
9397	46 
9398	63 
9399	62 
9400	69 
9401	123 
9402	94 
9403	81 
9404	132 
9405	125 
9406	15 
9407	74 
9408	86 
9409	18 
9410	78 
9411	116 
9412	53 
9413	64 
9414	53 
9415	32 
9416	16 
9417	159 
9418	156 
9419	54 
9420	140 
9421	109 
9422	113 
9423	61 
9424	126 
9425	137 
9426	103 
9427	49 
9428	88 
9429	98 
9430	132 
9431	86 
9432	110 
9433	114 
9434	114 
9435	20 
9436	10 
9437	140 
9438	137 
9439	89 
9440	124 
9441	119 
9442	34 
9443	18 
9444	69 
9445	18 
9446	41 
9447	137 
9448	57 
9449	94 
9450	137 
9451	77 
9452	125 
9453	110 
9454	112 
9455	57 
9456	87 
9457	132 
9458	125 
9459	101 
9460	107 
9461	29 
9462	123 
9463	54 
9464	34 
9465	86 
9466	122 
9467	53 
9468	154 
9469	103 
9470	65 
9471	26 
9472	5 
9473	25 
9474	15 
9475	47 
9476	57 
9477	144 
9478	109 
9479	59 
9480	112 
9481	94 
9482	77 
9483	99 
9484	28 
9485	59 
9486	64 
9487	10 
9488	143 
9489	127 
9490	127 
9491	59 
9492	125 
9493	104 
9494	115 
9495	26 
9496	18 
9497	19 
9498	62 
9499	159 
9500	121 
9501	61 
9502	18 
9503	107 
9504	110 
9505	59 
9506	92 
9507	5 
9508	64 
9509	20 
9510	143 
9511	32 
9512	18 
9513	110 
9514	113 
9515	64 
9516	115 
9517	69 
9518	5 
9519	16 
9520	87 
9521	104 
9522	46 
9523	103 
9524	34 
9525	119 
9526	98 
9527	136 
9528	53 
9529	98 
9530	124 
9531	103 
9532	19 
9533	92 
9534	54 
9535	69 
9536	92 
9537	20 
9538	20 
9539	29 
9540	54 
9541	78 
9542	77 
9543	7 
9544	16 
9545	29 
9546	69 
9547	61 
9548	156 
9549	101 
9550	115 
9551	136 
9552	69 
9553	159 
9554	91 
9555	152 
9556	79 
9557	19 
9558	47 
9559	77 
9560	57 
9561	65 
9562	74 
9563	99 
9564	55 
9565	104 
9566	152 
9567	25 
9568	26 
9569	92 
9570	143 
9571	124 
9572	137 
9573	25 
9574	123 
9575	34 
9576	127 
9577	63 
9578	34 
9579	98 
9580	112 
9581	5 
9582	54 
9583	152 
9584	115 
9585	77 
9586	49 
9587	79 
9588	29 
9589	89 
9590	113 
9591	16 
9592	119 
9593	86 
9594	115 
9595	156 
9596	54 
9597	55 
9598	154 
9599	88 
9600	20 
9601	91 
9602	7 
9603	114 
9604	88 
9605	119 
9606	156 
9607	121 
9608	57 
9609	34 
9610	19 
9611	114 
9612	117 
9613	19 
9614	88 
9615	137 
9616	79 
9617	103 
9618	110 
9619	63 
9620	29 
9621	61 
9622	61 
9623	49 
9624	65 
9625	124 
9626	16 
9627	154 
9628	117 
9629	137 
9630	124 
9631	152 
9632	115 
9633	63 
9634	54 
9635	91 
9636	98 
9637	69 
9638	137 
9639	104 
9640	19 
9641	152 
9642	92 
9643	64 
9644	55 
9645	25 
9646	124 
9647	79 
9648	5 
9649	89 
9650	121 
9651	19 
9652	112 
9653	34 
9654	26 
9655	64 
9656	41 
9657	115 
9658	61 
9659	7 
9660	92 
9661	143 
9662	64 
9663	115 
9664	123 
9665	32 
9666	64 
9667	34 
9668	115 
9669	113 
9670	103 
9671	46 
9672	124 
9673	140 
9674	140 
9675	28 
9676	28 
9677	18 
9678	69 
9679	20 
9680	19 
9681	113 
9682	92 
9683	28 
9684	53 
9685	127 
9686	136 
9687	123 
9688	53 
9689	49 
9690	106 
9691	117 
9692	7 
9693	18 
9694	124 
9695	126 
9696	20 
9697	106 
9698	98 
9699	16 
9700	91 
9701	110 
9702	25 
9703	64 
9704	101 
9705	123 
9706	125 
9707	121 
9708	111 
9709	110 
9710	91 
9711	101 
9712	126 
9713	115 
9714	25 
9715	20 
9716	101 
9717	121 
9718	111 
9719	78 
9720	49 
9721	111 
9722	111 
9723	26 
9724	81 
9725	46 
9726	53 
9727	57 
9728	74 
9729	20 
9730	54 
9731	16 
9732	25 
9733	47 
9734	124 
9735	127 
9736	159 
9737	77 
9738	127 
9739	61 
9740	20 
9741	126 
9742	126 
9743	115 
9744	91 
9745	140 
9746	49 
9747	124 
9748	62 
9749	32 
9750	29 
9751	55 
9752	53 
9753	28 
9754	47 
9755	127 
9756	140 
9757	78 
9758	29 
9759	47 
9760	49 
9761	106 
9762	110 
9763	54 
9764	59 
9765	106 
9766	49 
9767	28 
9768	54 
9769	127 
9770	32 
9771	126 
9772	111 
9773	81 
9774	16 
9775	46 
9776	140 
9777	65 
9778	98 
9779	18 
9780	47 
9781	89 
9782	56 
9783	159 
9784	49 
9785	159 
9786	81 
9787	137 
9788	29 
9789	29 
9790	74 
9791	94 
9792	54 
9793	77 
9794	74 
9795	74 
9796	94 
9797	54 
9798	121 
9799	59 
9800	16 
9801	54 
9802	81 
9803	98 
9804	26 
9805	57 
9806	125 
9807	18 
9808	121 
9809	88 
9810	18 
9811	123 
9812	32 
9813	104 
9814	104 
9815	49 
9816	91 
9817	124 
9818	18 
9819	126 
9820	49 
9821	25 
9822	54 
9823	136 
9824	25 
9825	47 
9826	74 
9827	74 
9828	20 
9829	65 
9830	98 
9831	98 
9832	136 
9833	121 
9834	98 
9835	62 
9836	140 
9837	140 
9838	16 
9839	20 
9840	98 
9841	20 
9842	28 
9843	88 
9844	126 
9845	121 
9846	121 
9847	64 
9848	137 
9849	32 
9850	41 
9851	111 
9852	25 
9853	104 
9854	16 
9855	32 
9856	98 
9857	98 
9858	16 
9859	98 
9860	16 
9861	28 
9862	106 
9863	28 
9864	81 
9865	64 
9866	59 
9867	81 
9868	140 
9869	32 
9870	25 
9871	125 
9872	20 
9873	61 
9874	54 
9875	25 
9876	49 
9877	140 
9878	47 
9879	140 
9880	49 
9881	126 
9882	61 
9883	46 
9884	57 
9885	59 
9886	104 
9887	140 
9888	29 
9889	64 
9890	61 
9891	55 
9892	81 
9893	124 
9894	69 
9895	64 
9896	126 
9897	124 
9898	64 
9899	49 
9900	54 
9901	101 
9902	124 
9903	121 
9904	54 
9905	104 
9906	54 
9907	25 
9908	126 
9909	20 
9910	25 
9911	55 
9912	121 
9913	46 
9914	126 
9915	57 
9916	126 
9917	106 
9918	25 
9919	57 
9920	126 
9921	20 
9922	59 
9923	137 
9924	125 
9925	81 
9926	137 
9927	55 
9928	64 
9929	64 
9930	126 
9931	25 
9932	28 
9933	64 
9934	16 
9935	125 
9936	55 
9937	57 
9938	137 
9939	137 
9940	57 
9941	125 
9942	25 
9943	64 
9944	81 
9945	25 
9946	16 
9947	25 
9948	64 
9949	64 
9950	16 
9951	55 
9952	137 
9953	55 
9954	81 
9955	55 
9956	81 
9957	16 
9958	25 
9959	57 
9960	106 
9961	125 
9962	64 
9963	57 
9964	81 
9965	137 
9966	81 
9967	81 
9968	106 
9969	106 
9970	126 
9971	16 
9972	137 
9973	81 
9974	126 
9975	81 
9976	137 
9977	81 
9978	25 
9979	125 
9980	55 
9981	137 
9982	25 
9983	106 
9984	137 
9985	25 
9986	25 
9987	25 
9988	25 
9989	25 
9990	25 
9991	25 
9992	25 
9993	25 
9994	25 
9995	25 
9996	25 
9997	25 
9998	25 
9999	25 
10000	25 
